0 0 0 1
0 1 0 1 2
0 2 1 2 3
0 3 2 3 4
0 4 3 4 5
0 5 4 5 6
0 6 5 6 7
0 7 6 7 8
0 8 7 8 9
0 9 8 9 10
0 10 9 10 11
0 11 10 11 12
0 12 11 12 13
0 13 12 13 14
0 14 13 14 15
0 15 14 15 16
0 16 15 16 17
0 17 16 17 18
0 18 17 18 19
0 19 18 19 20
0 20 19 20 21
0 21 20 21 22
0 22 21 22 23
0 23 22 23 24
0 24 23 24 25
0 25 24 25 26
0 26 25 26 27
0 27 26 27 28
0 28 27 28 29
0 29 28 29 30
0 30 29 30 31
0 31 30 31 32
0 32 31 32 33
0 33 32 33 34
0 34 33 34 35
0 35 34 35 36
0 36 35 36 37
0 37 36 37 38
0 38 37 38 39
0 39 38 39 40
0 40 39 40 41
0 41 40 41 42
0 42 41 42 43
0 43 42 43 44
0 44 43 44 45
0 45 44 45 46
0 46 45 46 47
0 47 46 47 48
0 48 47 48 49
0 49 48 49 50
0 50 49 50 51
0 51 50 51 52
0 52 51 52 53
0 53 52 53 54
0 54 53 54 55
0 55 54 55 56
0 56 55 56 57
0 57 56 57 58
0 58 57 58 59
0 59 58 59 60
0 60 59 60 61
0 61 60 61 62
0 62 61 62 63
0 63 62 63 64
0 64 63 64 65
0 65 64 65 66
0 66 65 66 67
0 67 66 67 68
0 68 67 68 69
0 69 68 69 70
0 70 69 70 71
0 71 70 71 72
0 72 71 72 73
0 73 72 73 74
0 74 73 74 75
0 75 74 75 76
0 76 75 76 77
0 77 76 77 78
0 78 77 78 79
0 79 78 79 80
0 80 79 80 81
0 81 80 81 82
0 82 81 82 83
0 83 82 83 84
0 84 83 84 85
0 85 84 85 86
0 86 85 86 87
0 87 86 87 88
0 88 87 88 89
0 89 88 89 90
0 90 89 90 91
0 91 90 91 92
0 92 91 92 93
0 93 92 93 94
0 94 93 94 95
0 95 94 95 96
0 96 95 96 97
0 97 96 97 98
0 98 97 98 99
0 99 98 99 100
0 100 99 100 101
0 101 100 101 102
0 102 101 102 103
0 103 102 103 104
0 104 103 104 105
0 105 104 105 106
0 106 105 106 107
0 107 106 107 108
0 108 107 108 109
0 109 108 109 110
0 110 109 110 111
0 111 110 111 112
0 112 111 112 113
0 113 112 113 114
0 114 113 114 115
0 115 114 115 116
0 116 115 116 117
0 117 116 117 118
0 118 117 118 119
0 119 118 119 120
0 120 119 120 121
0 121 120 121 122
0 122 121 122 123
0 123 122 123 124
0 124 123 124 125
0 125 124 125 126
0 126 125 126 127
0 127 126 127 128
0 128 127 128 129
0 129 128 129 130
0 130 129 130 131
0 131 130 131 132
0 132 131 132 133
0 133 132 133 134
0 134 133 134 135
0 135 134 135 136
0 136 135 136 137
0 137 136 137 138
0 138 137 138 139
0 139 138 139 140
0 140 139 140 141
0 141 140 141 142
0 142 141 142 143
0 143 142 143 144
0 144 143 144 145
0 145 144 145 146
0 146 145 146 147
0 147 146 147 148
0 148 147 148 149
0 149 148 149 150
0 150 149 150 151
0 151 150 151 152
0 152 151 152 153
0 153 152 153 154
0 154 153 154 155
0 155 154 155 156
0 156 155 156 157
0 157 156 157 158
0 158 157 158 159
0 159 158 159 160
0 160 159 160 161
0 161 160 161 162
0 162 161 162 163
0 163 162 163 164
0 164 163 164 165
0 165 164 165 166
0 166 165 166 167
0 167 166 167 168
0 168 167 168 169
0 169 168 169 170
0 170 169 170 171
0 171 170 171 172
0 172 171 172 173
0 173 172 173 174
0 174 173 174 175
0 175 174 175 176
0 176 175 176 177
0 177 176 177 178
0 178 177 178 179
0 179 178 179 180
0 180 179 180 181
0 181 180 181 182
0 182 181 182 183
0 183 182 183 184
0 184 183 184 185
0 185 184 185 186
0 186 185 186 187
0 187 186 187 188
0 188 187 188 189
0 189 188 189 190
0 190 189 190 191
0 191 190 191 192
0 192 191 192 193
0 193 192 193 194
0 194 193 194 195
0 195 194 195 196
0 196 195 196 197
0 197 196 197 198
0 198 197 198 199
0 199 198 199 200
0 200 199 200 201
0 201 200 201 202
0 202 201 202 203
0 203 202 203 204
0 204 203 204 205
0 205 204 205 206
0 206 205 206 207
0 207 206 207 208
0 208 207 208 209
0 209 208 209 210
0 210 209 210 211
0 211 210 211 212
0 212 211 212 213
0 213 212 213 214
0 214 213 214 215
0 215 214 215 216
0 216 215 216 217
0 217 216 217 218
0 218 217 218 219
0 219 218 219 220
0 220 219 220 221
0 221 220 221 222
0 222 221 222 223
0 223 222 223 224
0 224 223 224 225
0 225 224 225 226
0 226 225 226 227
0 227 226 227 228
0 228 227 228 229
0 229 228 229 230
0 230 229 230 231
0 231 230 231 232
0 232 231 232 233
0 233 232 233 234
0 234 233 234 235
0 235 234 235 236
0 236 235 236 237
0 237 236 237 238
0 238 237 238 239
0 239 238 239 240
0 240 239 240 241
0 241 240 241 242
0 242 241 242 243
0 243 242 243 244
0 244 243 244 245
0 245 244 245 246
0 246 245 246 247
0 247 246 247 248
0 248 247 248 249
0 249 248 249 250
0 250 249 250 251
0 251 250 251 252
0 252 251 252 253
0 253 252 253 254
0 254 253 254 255
0 255 254 255 256
0 256 255 256 257
0 257 256 257 258
0 258 257 258 259
0 259 258 259 260
0 260 259 260 261
0 261 260 261 262
0 262 261 262 263
0 263 262 263 264
0 264 263 264 265
0 265 264 265 266
0 266 265 266 267
0 267 266 267 268
0 268 267 268 269
0 269 268 269 270
0 270 269 270 271
0 271 270 271 272
0 272 271 272 273
0 273 272 273 274
0 274 273 274 275
0 275 274 275 276
0 276 275 276 277
0 277 276 277 278
0 278 277 278 279
0 279 278 279 280
0 280 279 280 281
0 281 280 281 282
0 282 281 282 283
0 283 282 283 284
0 284 283 284 285
0 285 284 285 286
0 286 285 286 287
0 287 286 287 288
0 288 287 288 289
0 289 288 289 290
0 290 289 290 291
0 291 290 291 292
0 292 291 292 293
0 293 292 293 294
0 294 293 294 295
0 295 294 295 296
0 296 295 296 297
0 297 296 297 298
0 298 297 298 299
0 299 298 299 300
0 300 299 300 301
0 301 300 301 302
0 302 301 302 303
0 303 302 303 304
0 304 303 304 305
0 305 304 305 306
0 306 305 306 307
0 307 306 307 308
0 308 307 308 309
0 309 308 309 310
0 310 309 310 311
0 311 310 311 312
0 312 311 312 313
0 313 312 313 314
0 314 313 314 315
0 315 314 315 316
0 316 315 316 317
0 317 316 317 318
0 318 317 318 319
0 319 318 319 320
0 320 319 320 321
0 321 320 321 322
0 322 321 322 323
0 323 322 323 324
0 324 323 324 325
0 325 324 325 326
0 326 325 326 327
0 327 326 327 328
0 328 327 328 329
0 329 328 329 330
0 330 329 330 331
0 331 330 331 332
0 332 331 332 333
0 333 332 333 334
0 334 333 334 335
0 335 334 335 336
0 336 335 336 337
0 337 336 337 338
0 338 337 338 339
0 339 338 339 340
0 340 339 340 341
0 341 340 341 342
0 342 341 342 343
0 343 342 343 344
0 344 343 344 345
0 345 344 345 346
0 346 345 346 347
0 347 346 347 348
0 348 347 348 349
0 349 348 349 350
0 350 349 350 351
0 351 350 351 352
0 352 351 352 353
0 353 352 353 354
0 354 353 354 355
0 355 354 355 356
0 356 355 356 357
0 357 356 357 358
0 358 357 358 359
0 359 358 359 360
0 360 359 360 361
0 361 360 361 362
0 362 361 362 363
0 363 362 363 364
0 364 363 364 365
0 365 364 365 366
0 366 365 366 367
0 367 366 367 368
0 368 367 368 369
0 369 368 369 370
0 370 369 370 371
0 371 370 371 372
0 372 371 372 373
0 373 372 373 374
0 374 373 374 375
0 375 374 375 376
0 376 375 376 377
0 377 376 377 378
0 378 377 378 379
0 379 378 379 380
0 380 379 380 381
0 381 380 381 382
0 382 381 382 383
0 383 382 383 384
0 384 383 384 385
0 385 384 385 386
0 386 385 386 387
0 387 386 387 388
0 388 387 388 389
0 389 388 389 390
0 390 389 390 391
0 391 390 391 392
0 392 391 392 393
0 393 392 393 394
0 394 393 394 395
0 395 394 395 396
0 396 395 396 397
0 397 396 397 398
0 398 397 398 399
0 399 398 399 400
0 400 399 400 401
0 401 400 401 402
0 402 401 402 403
0 403 402 403 404
0 404 403 404 405
0 405 404 405 406
0 406 405 406 407
0 407 406 407 408
0 408 407 408 409
0 409 408 409 410
0 410 409 410 411
0 411 410 411 412
0 412 411 412 413
0 413 412 413 414
0 414 413 414 415
0 415 414 415 416
0 416 415 416 417
0 417 416 417 418
0 418 417 418 419
0 419 418 419 420
0 420 419 420 421
0 421 420 421 422
0 422 421 422 423
0 423 422 423 424
0 424 423 424 425
0 425 424 425 426
0 426 425 426 427
0 427 426 427 428
0 428 427 428 429
0 429 428 429 430
0 430 429 430 431
0 431 430 431 432
0 432 431 432 433
0 433 432 433 434
0 434 433 434 435
0 435 434 435 436
0 436 435 436 437
0 437 436 437 438
0 438 437 438 439
0 439 438 439 440
0 440 439 440 441
0 441 440 441 442
0 442 441 442 443
0 443 442 443 444
0 444 443 444 445
0 445 444 445 446
0 446 445 446 447
0 447 446 447 448
0 448 447 448 449
0 449 448 449 450
0 450 449 450 451
0 451 450 451 452
0 452 451 452 453
0 453 452 453 454
0 454 453 454 455
0 455 454 455 456
0 456 455 456 457
0 457 456 457 458
0 458 457 458 459
0 459 458 459 460
0 460 459 460 461
0 461 460 461 462
0 462 461 462 463
0 463 462 463 464
0 464 463 464 465
0 465 464 465 466
0 466 465 466 467
0 467 466 467 468
0 468 467 468 469
0 469 468 469 470
0 470 469 470 471
0 471 470 471 472
0 472 471 472 473
0 473 472 473 474
0 474 473 474 475
0 475 474 475 476
0 476 475 476 477
0 477 476 477 478
0 478 477 478 479
0 479 478 479 480
0 480 479 480 481
0 481 480 481 482
0 482 481 482 483
0 483 482 483 484
0 484 483 484 485
0 485 484 485 486
0 486 485 486 487
0 487 486 487 488
0 488 487 488 489
0 489 488 489 490
0 490 489 490 491
0 491 490 491 492
0 492 491 492 493
0 493 492 493 494
0 494 493 494 495
0 495 494 495 496
0 496 495 496 497
0 497 496 497 498
0 498 497 498 499
0 499 498 499 500
0 500 499 500 501
0 501 500 501 502
0 502 501 502 503
0 503 502 503 504
0 504 503 504 505
0 505 504 505 506
0 506 505 506 507
0 507 506 507 508
0 508 507 508 509
0 509 508 509 510
0 510 509 510 511
0 511 510 511 512
0 512 511 512 513
0 513 512 513 514
0 514 513 514 515
0 515 514 515 516
0 516 515 516 517
0 517 516 517 518
0 518 517 518 519
0 519 518 519 520
0 520 519 520 521
0 521 520 521 522
0 522 521 522 523
0 523 522 523 524
0 524 523 524 525
0 525 524 525 526
0 526 525 526 527
0 527 526 527 528
0 528 527 528 529
0 529 528 529 530
0 530 529 530 531
0 531 530 531 532
0 532 531 532 533
0 533 532 533 534
0 534 533 534 535
0 535 534 535 536
0 536 535 536 537
0 537 536 537 538
0 538 537 538 539
0 539 538 539 540
0 540 539 540 541
0 541 540 541 542
0 542 541 542 543
0 543 542 543 544
0 544 543 544 545
0 545 544 545 546
0 546 545 546 547
0 547 546 547 548
0 548 547 548 549
0 549 548 549 550
0 550 549 550 551
0 551 550 551 552
0 552 551 552 553
0 553 552 553 554
0 554 553 554 555
0 555 554 555 556
0 556 555 556 557
0 557 556 557 558
0 558 557 558 559
0 559 558 559 560
0 560 559 560 561
0 561 560 561 562
0 562 561 562 563
0 563 562 563 564
0 564 563 564 565
0 565 564 565 566
0 566 565 566 567
0 567 566 567 568
0 568 567 568 569
0 569 568 569 570
0 570 569 570 571
0 571 570 571 572
0 572 571 572 573
0 573 572 573 574
0 574 573 574 575
0 575 574 575 576
0 576 575 576 577
0 577 576 577 578
0 578 577 578 579
0 579 578 579 580
0 580 579 580 581
0 581 580 581 582
0 582 581 582 583
0 583 582 583 584
0 584 583 584 585
0 585 584 585 586
0 586 585 586 587
0 587 586 587 588
0 588 587 588 589
0 589 588 589 590
0 590 589 590 591
0 591 590 591 592
0 592 591 592 593
0 593 592 593 594
0 594 593 594 595
0 595 594 595 596
0 596 595 596 597
0 597 596 597 598
0 598 597 598 599
0 599 598 599 600
0 600 599 600 601
0 601 600 601 602
0 602 601 602 603
0 603 602 603 604
0 604 603 604 605
0 605 604 605 606
0 606 605 606 607
0 607 606 607 608
0 608 607 608 609
0 609 608 609 610
0 610 609 610 611
0 611 610 611 612
0 612 611 612 613
0 613 612 613 614
0 614 613 614 615
0 615 614 615 616
0 616 615 616 617
0 617 616 617 618
0 618 617 618 619
0 619 618 619 620
0 620 619 620 621
0 621 620 621 622
0 622 621 622 623
0 623 622 623 624
0 624 623 624 625
0 625 624 625 626
0 626 625 626 627
0 627 626 627 628
0 628 627 628 629
0 629 628 629 630
0 630 629 630 631
0 631 630 631 632
0 632 631 632 633
0 633 632 633 634
0 634 633 634 635
0 635 634 635 636
0 636 635 636 637
0 637 636 637 638
0 638 637 638 639
0 639 638 639 640
0 640 639 640 641
0 641 640 641 642
0 642 641 642 643
0 643 642 643 644
0 644 643 644 645
0 645 644 645 646
0 646 645 646 647
0 647 646 647 648
0 648 647 648 649
0 649 648 649 650
0 650 649 650 651
0 651 650 651 652
0 652 651 652 653
0 653 652 653 654
0 654 653 654 655
0 655 654 655 656
0 656 655 656 657
0 657 656 657 658
0 658 657 658 659
0 659 658 659 660
0 660 659 660 661
0 661 660 661 662
0 662 661 662 663
0 663 662 663 664
0 664 663 664 665
0 665 664 665 666
0 666 665 666 667
0 667 666 667 668
0 668 667 668 669
0 669 668 669 670
0 670 669 670 671
0 671 670 671 672
0 672 671 672 673
0 673 672 673 674
0 674 673 674 675
0 675 674 675 676
0 676 675 676 677
0 677 676 677 678
0 678 677 678 679
0 679 678 679 680
0 680 679 680 681
0 681 680 681 682
0 682 681 682 683
0 683 682 683 684
0 684 683 684 685
0 685 684 685 686
0 686 685 686 687
0 687 686 687 688
0 688 687 688 689
0 689 688 689 690
0 690 689 690 691
0 691 690 691 692
0 692 691 692 693
0 693 692 693 694
0 694 693 694 695
0 695 694 695 696
0 696 695 696 697
0 697 696 697 698
0 698 697 698 699
0 699 698 699 700
0 700 699 700 701
0 701 700 701 702
0 702 701 702 703
0 703 702 703 704
0 704 703 704 705
0 705 704 705 706
0 706 705 706 707
0 707 706 707 708
0 708 707 708 709
0 709 708 709 710
0 710 709 710 711
0 711 710 711 712
0 712 711 712 713
0 713 712 713 714
0 714 713 714 715
0 715 714 715 716
0 716 715 716 717
0 717 716 717 718
0 718 717 718 719
0 719 718 719 720
0 720 719 720 721
0 721 720 721 722
0 722 721 722 723
0 723 722 723 724
0 724 723 724 725
0 725 724 725 726
0 726 725 726 727
0 727 726 727 728
0 728 727 728 729
0 729 728 729 730
0 730 729 730 731
0 731 730 731 732
0 732 731 732 733
0 733 732 733 734
0 734 733 734 735
0 735 734 735 736
0 736 735 736 737
0 737 736 737 738
0 738 737 738 739
0 739 738 739 740
0 740 739 740 741
0 741 740 741 742
0 742 741 742 743
0 743 742 743 744
0 744 743 744 745
0 745 744 745 746
0 746 745 746 747
0 747 746 747 748
0 748 747 748 749
0 749 748 749 750
0 750 749 750 751
0 751 750 751 752
0 752 751 752 753
0 753 752 753 754
0 754 753 754 755
0 755 754 755 756
0 756 755 756 757
0 757 756 757 758
0 758 757 758 759
0 759 758 759 760
0 760 759 760 761
0 761 760 761 762
0 762 761 762 763
0 763 762 763 764
0 764 763 764 765
0 765 764 765 766
0 766 765 766 767
0 767 766 767 768
0 768 767 768 769
0 769 768 769 770
0 770 769 770 771
0 771 770 771 772
0 772 771 772 773
0 773 772 773 774
0 774 773 774 775
0 775 774 775 776
0 776 775 776 777
0 777 776 777 778
0 778 777 778 779
0 779 778 779 780
0 780 779 780 781
0 781 780 781 782
0 782 781 782 783
0 783 782 783 784
0 784 783 784 785
0 785 784 785 786
0 786 785 786 787
0 787 786 787 788
0 788 787 788 789
0 789 788 789 790
0 790 789 790 791
0 791 790 791 792
0 792 791 792 793
0 793 792 793 794
0 794 793 794 795
0 795 794 795 796
0 796 795 796 797
0 797 796 797 798
0 798 797 798 799
0 799 798 799 800
0 800 799 800 801
0 801 800 801 802
0 802 801 802 803
0 803 802 803 804
0 804 803 804 805
0 805 804 805 806
0 806 805 806 807
0 807 806 807 808
0 808 807 808 809
0 809 808 809 810
0 810 809 810 811
0 811 810 811 812
0 812 811 812 813
0 813 812 813 814
0 814 813 814 815
0 815 814 815 816
0 816 815 816 817
0 817 816 817 818
0 818 817 818 819
0 819 818 819 820
0 820 819 820 821
0 821 820 821 822
0 822 821 822 823
0 823 822 823 824
0 824 823 824 825
0 825 824 825 826
0 826 825 826 827
0 827 826 827 828
0 828 827 828 829
0 829 828 829 830
0 830 829 830 831
0 831 830 831 832
0 832 831 832 833
0 833 832 833 834
0 834 833 834 835
0 835 834 835 836
0 836 835 836 837
0 837 836 837 838
0 838 837 838 839
0 839 838 839 840
0 840 839 840 841
0 841 840 841 842
0 842 841 842 843
0 843 842 843 844
0 844 843 844 845
0 845 844 845 846
0 846 845 846 847
0 847 846 847 848
0 848 847 848 849
0 849 848 849 850
0 850 849 850 851
0 851 850 851 852
0 852 851 852 853
0 853 852 853 854
0 854 853 854 855
0 855 854 855 856
0 856 855 856 857
0 857 856 857 858
0 858 857 858 859
0 859 858 859 860
0 860 859 860 861
0 861 860 861 862
0 862 861 862 863
0 863 862 863 864
0 864 863 864 865
0 865 864 865 866
0 866 865 866 867
0 867 866 867 868
0 868 867 868 869
0 869 868 869 870
0 870 869 870 871
0 871 870 871 872
0 872 871 872 873
0 873 872 873 874
0 874 873 874 875
0 875 874 875 876
0 876 875 876 877
0 877 876 877 878
0 878 877 878 879
0 879 878 879 880
0 880 879 880 881
0 881 880 881 882
0 882 881 882 883
0 883 882 883 884
0 884 883 884 885
0 885 884 885 886
0 886 885 886 887
0 887 886 887 888
0 888 887 888 889
0 889 888 889 890
0 890 889 890 891
0 891 890 891 892
0 892 891 892 893
0 893 892 893 894
0 894 893 894 895
0 895 894 895 896
0 896 895 896 897
0 897 896 897 898
0 898 897 898 899
0 899 898 899 900
0 900 899 900 901
0 901 900 901 902
0 902 901 902 903
0 903 902 903 904
0 904 903 904 905
0 905 904 905 906
0 906 905 906 907
0 907 906 907 908
0 908 907 908 909
0 909 908 909 910
0 910 909 910 911
0 911 910 911 912
0 912 911 912 913
0 913 912 913 914
0 914 913 914 915
0 915 914 915 916
0 916 915 916 917
0 917 916 917 918
0 918 917 918 919
0 919 918 919 920
0 920 919 920 921
0 921 920 921 922
0 922 921 922 923
0 923 922 923 924
0 924 923 924 925
0 925 924 925 926
0 926 925 926 927
0 927 926 927 928
0 928 927 928 929
0 929 928 929 930
0 930 929 930 931
0 931 930 931 932
0 932 931 932 933
0 933 932 933 934
0 934 933 934 935
0 935 934 935 936
0 936 935 936 937
0 937 936 937 938
0 938 937 938 939
0 939 938 939 940
0 940 939 940 941
0 941 940 941 942
0 942 941 942 943
0 943 942 943 944
0 944 943 944 945
0 945 944 945 946
0 946 945 946 947
0 947 946 947 948
0 948 947 948 949
0 949 948 949 950
0 950 949 950 951
0 951 950 951 952
0 952 951 952 953
0 953 952 953 954
0 954 953 954 955
0 955 954 955 956
0 956 955 956 957
0 957 956 957 958
0 958 957 958 959
0 959 958 959 960
0 960 959 960 961
0 961 960 961 962
0 962 961 962 963
0 963 962 963 964
0 964 963 964 965
0 965 964 965 966
0 966 965 966 967
0 967 966 967 968
0 968 967 968 969
0 969 968 969 970
0 970 969 970 971
0 971 970 971 972
0 972 971 972 973
0 973 972 973 974
0 974 973 974 975
0 975 974 975 976
0 976 975 976 977
0 977 976 977 978
0 978 977 978 979
0 979 978 979 980
0 980 979 980 981
0 981 980 981 982
0 982 981 982 983
0 983 982 983 984
0 984 983 984 985
0 985 984 985 986
0 986 985 986 987
0 987 986 987 988
0 988 987 988 989
0 989 988 989 990
0 990 989 990 991
0 991 990 991 992
0 992 991 992 993
0 993 992 993 994
0 994 993 994 995
0 995 994 995 996
0 996 995 996 997
0 997 996 997 998
0 998 997 998 999
0 999 998 999 1000
1 0 999 0 1
1 1 0 1 2
1 2 1 2 3
1 3 2 3 4
1 4 3 4 5
1 5 4 5 6
1 6 5 6 7
1 7 6 7 8
1 8 7 8 9
1 9 8 9 10
1 10 9 10 11
1 11 10 11 12
1 12 11 12 13
1 13 12 13 14
1 14 13 14 15
1 15 14 15 16
1 16 15 16 17
1 17 16 17 18
1 18 17 18 19
1 19 18 19 20
1 20 19 20 21
1 21 20 21 22
1 22 21 22 23
1 23 22 23 24
1 24 23 24 25
1 25 24 25 26
1 26 25 26 27
1 27 26 27 28
1 28 27 28 29
1 29 28 29 30
1 30 29 30 31
1 31 30 31 32
1 32 31 32 33
1 33 32 33 34
1 34 33 34 35
1 35 34 35 36
1 36 35 36 37
1 37 36 37 38
1 38 37 38 39
1 39 38 39 40
1 40 39 40 41
1 41 40 41 42
1 42 41 42 43
1 43 42 43 44
1 44 43 44 45
1 45 44 45 46
1 46 45 46 47
1 47 46 47 48
1 48 47 48 49
1 49 48 49 50
1 50 49 50 51
1 51 50 51 52
1 52 51 52 53
1 53 52 53 54
1 54 53 54 55
1 55 54 55 56
1 56 55 56 57
1 57 56 57 58
1 58 57 58 59
1 59 58 59 60
1 60 59 60 61
1 61 60 61 62
1 62 61 62 63
1 63 62 63 64
1 64 63 64 65
1 65 64 65 66
1 66 65 66 67
1 67 66 67 68
1 68 67 68 69
1 69 68 69 70
1 70 69 70 71
1 71 70 71 72
1 72 71 72 73
1 73 72 73 74
1 74 73 74 75
1 75 74 75 76
1 76 75 76 77
1 77 76 77 78
1 78 77 78 79
1 79 78 79 80
1 80 79 80 81
1 81 80 81 82
1 82 81 82 83
1 83 82 83 84
1 84 83 84 85
1 85 84 85 86
1 86 85 86 87
1 87 86 87 88
1 88 87 88 89
1 89 88 89 90
1 90 89 90 91
1 91 90 91 92
1 92 91 92 93
1 93 92 93 94
1 94 93 94 95
1 95 94 95 96
1 96 95 96 97
1 97 96 97 98
1 98 97 98 99
1 99 98 99 100
1 100 99 100 101
1 101 100 101 102
1 102 101 102 103
1 103 102 103 104
1 104 103 104 105
1 105 104 105 106
1 106 105 106 107
1 107 106 107 108
1 108 107 108 109
1 109 108 109 110
1 110 109 110 111
1 111 110 111 112
1 112 111 112 113
1 113 112 113 114
1 114 113 114 115
1 115 114 115 116
1 116 115 116 117
1 117 116 117 118
1 118 117 118 119
1 119 118 119 120
1 120 119 120 121
1 121 120 121 122
1 122 121 122 123
1 123 122 123 124
1 124 123 124 125
1 125 124 125 126
1 126 125 126 127
1 127 126 127 128
1 128 127 128 129
1 129 128 129 130
1 130 129 130 131
1 131 130 131 132
1 132 131 132 133
1 133 132 133 134
1 134 133 134 135
1 135 134 135 136
1 136 135 136 137
1 137 136 137 138
1 138 137 138 139
1 139 138 139 140
1 140 139 140 141
1 141 140 141 142
1 142 141 142 143
1 143 142 143 144
1 144 143 144 145
1 145 144 145 146
1 146 145 146 147
1 147 146 147 148
1 148 147 148 149
1 149 148 149 150
1 150 149 150 151
1 151 150 151 152
1 152 151 152 153
1 153 152 153 154
1 154 153 154 155
1 155 154 155 156
1 156 155 156 157
1 157 156 157 158
1 158 157 158 159
1 159 158 159 160
1 160 159 160 161
1 161 160 161 162
1 162 161 162 163
1 163 162 163 164
1 164 163 164 165
1 165 164 165 166
1 166 165 166 167
1 167 166 167 168
1 168 167 168 169
1 169 168 169 170
1 170 169 170 171
1 171 170 171 172
1 172 171 172 173
1 173 172 173 174
1 174 173 174 175
1 175 174 175 176
1 176 175 176 177
1 177 176 177 178
1 178 177 178 179
1 179 178 179 180
1 180 179 180 181
1 181 180 181 182
1 182 181 182 183
1 183 182 183 184
1 184 183 184 185
1 185 184 185 186
1 186 185 186 187
1 187 186 187 188
1 188 187 188 189
1 189 188 189 190
1 190 189 190 191
1 191 190 191 192
1 192 191 192 193
1 193 192 193 194
1 194 193 194 195
1 195 194 195 196
1 196 195 196 197
1 197 196 197 198
1 198 197 198 199
1 199 198 199 200
1 200 199 200 201
1 201 200 201 202
1 202 201 202 203
1 203 202 203 204
1 204 203 204 205
1 205 204 205 206
1 206 205 206 207
1 207 206 207 208
1 208 207 208 209
1 209 208 209 210
1 210 209 210 211
1 211 210 211 212
1 212 211 212 213
1 213 212 213 214
1 214 213 214 215
1 215 214 215 216
1 216 215 216 217
1 217 216 217 218
1 218 217 218 219
1 219 218 219 220
1 220 219 220 221
1 221 220 221 222
1 222 221 222 223
1 223 222 223 224
1 224 223 224 225
1 225 224 225 226
1 226 225 226 227
1 227 226 227 228
1 228 227 228 229
1 229 228 229 230
1 230 229 230 231
1 231 230 231 232
1 232 231 232 233
1 233 232 233 234
1 234 233 234 235
1 235 234 235 236
1 236 235 236 237
1 237 236 237 238
1 238 237 238 239
1 239 238 239 240
1 240 239 240 241
1 241 240 241 242
1 242 241 242 243
1 243 242 243 244
1 244 243 244 245
1 245 244 245 246
1 246 245 246 247
1 247 246 247 248
1 248 247 248 249
1 249 248 249 250
1 250 249 250 251
1 251 250 251 252
1 252 251 252 253
1 253 252 253 254
1 254 253 254 255
1 255 254 255 256
1 256 255 256 257
1 257 256 257 258
1 258 257 258 259
1 259 258 259 260
1 260 259 260 261
1 261 260 261 262
1 262 261 262 263
1 263 262 263 264
1 264 263 264 265
1 265 264 265 266
1 266 265 266 267
1 267 266 267 268
1 268 267 268 269
1 269 268 269 270
1 270 269 270 271
1 271 270 271 272
1 272 271 272 273
1 273 272 273 274
1 274 273 274 275
1 275 274 275 276
1 276 275 276 277
1 277 276 277 278
1 278 277 278 279
1 279 278 279 280
1 280 279 280 281
1 281 280 281 282
1 282 281 282 283
1 283 282 283 284
1 284 283 284 285
1 285 284 285 286
1 286 285 286 287
1 287 286 287 288
1 288 287 288 289
1 289 288 289 290
1 290 289 290 291
1 291 290 291 292
1 292 291 292 293
1 293 292 293 294
1 294 293 294 295
1 295 294 295 296
1 296 295 296 297
1 297 296 297 298
1 298 297 298 299
1 299 298 299 300
1 300 299 300 301
1 301 300 301 302
1 302 301 302 303
1 303 302 303 304
1 304 303 304 305
1 305 304 305 306
1 306 305 306 307
1 307 306 307 308
1 308 307 308 309
1 309 308 309 310
1 310 309 310 311
1 311 310 311 312
1 312 311 312 313
1 313 312 313 314
1 314 313 314 315
1 315 314 315 316
1 316 315 316 317
1 317 316 317 318
1 318 317 318 319
1 319 318 319 320
1 320 319 320 321
1 321 320 321 322
1 322 321 322 323
1 323 322 323 324
1 324 323 324 325
1 325 324 325 326
1 326 325 326 327
1 327 326 327 328
1 328 327 328 329
1 329 328 329 330
1 330 329 330 331
1 331 330 331 332
1 332 331 332 333
1 333 332 333 334
1 334 333 334 335
1 335 334 335 336
1 336 335 336 337
1 337 336 337 338
1 338 337 338 339
1 339 338 339 340
1 340 339 340 341
1 341 340 341 342
1 342 341 342 343
1 343 342 343 344
1 344 343 344 345
1 345 344 345 346
1 346 345 346 347
1 347 346 347 348
1 348 347 348 349
1 349 348 349 350
1 350 349 350 351
1 351 350 351 352
1 352 351 352 353
1 353 352 353 354
1 354 353 354 355
1 355 354 355 356
1 356 355 356 357
1 357 356 357 358
1 358 357 358 359
1 359 358 359 360
1 360 359 360 361
1 361 360 361 362
1 362 361 362 363
1 363 362 363 364
1 364 363 364 365
1 365 364 365 366
1 366 365 366 367
1 367 366 367 368
1 368 367 368 369
1 369 368 369 370
1 370 369 370 371
1 371 370 371 372
1 372 371 372 373
1 373 372 373 374
1 374 373 374 375
1 375 374 375 376
1 376 375 376 377
1 377 376 377 378
1 378 377 378 379
1 379 378 379 380
1 380 379 380 381
1 381 380 381 382
1 382 381 382 383
1 383 382 383 384
1 384 383 384 385
1 385 384 385 386
1 386 385 386 387
1 387 386 387 388
1 388 387 388 389
1 389 388 389 390
1 390 389 390 391
1 391 390 391 392
1 392 391 392 393
1 393 392 393 394
1 394 393 394 395
1 395 394 395 396
1 396 395 396 397
1 397 396 397 398
1 398 397 398 399
1 399 398 399 400
1 400 399 400 401
1 401 400 401 402
1 402 401 402 403
1 403 402 403 404
1 404 403 404 405
1 405 404 405 406
1 406 405 406 407
1 407 406 407 408
1 408 407 408 409
1 409 408 409 410
1 410 409 410 411
1 411 410 411 412
1 412 411 412 413
1 413 412 413 414
1 414 413 414 415
1 415 414 415 416
1 416 415 416 417
1 417 416 417 418
1 418 417 418 419
1 419 418 419 420
1 420 419 420 421
1 421 420 421 422
1 422 421 422 423
1 423 422 423 424
1 424 423 424 425
1 425 424 425 426
1 426 425 426 427
1 427 426 427 428
1 428 427 428 429
1 429 428 429 430
1 430 429 430 431
1 431 430 431 432
1 432 431 432 433
1 433 432 433 434
1 434 433 434 435
1 435 434 435 436
1 436 435 436 437
1 437 436 437 438
1 438 437 438 439
1 439 438 439 440
1 440 439 440 441
1 441 440 441 442
1 442 441 442 443
1 443 442 443 444
1 444 443 444 445
1 445 444 445 446
1 446 445 446 447
1 447 446 447 448
1 448 447 448 449
1 449 448 449 450
1 450 449 450 451
1 451 450 451 452
1 452 451 452 453
1 453 452 453 454
1 454 453 454 455
1 455 454 455 456
1 456 455 456 457
1 457 456 457 458
1 458 457 458 459
1 459 458 459 460
1 460 459 460 461
1 461 460 461 462
1 462 461 462 463
1 463 462 463 464
1 464 463 464 465
1 465 464 465 466
1 466 465 466 467
1 467 466 467 468
1 468 467 468 469
1 469 468 469 470
1 470 469 470 471
1 471 470 471 472
1 472 471 472 473
1 473 472 473 474
1 474 473 474 475
1 475 474 475 476
1 476 475 476 477
1 477 476 477 478
1 478 477 478 479
1 479 478 479 480
1 480 479 480 481
1 481 480 481 482
1 482 481 482 483
1 483 482 483 484
1 484 483 484 485
1 485 484 485 486
1 486 485 486 487
1 487 486 487 488
1 488 487 488 489
1 489 488 489 490
1 490 489 490 491
1 491 490 491 492
1 492 491 492 493
1 493 492 493 494
1 494 493 494 495
1 495 494 495 496
1 496 495 496 497
1 497 496 497 498
1 498 497 498 499
1 499 498 499 500
1 500 499 500 501
1 501 500 501 502
1 502 501 502 503
1 503 502 503 504
1 504 503 504 505
1 505 504 505 506
1 506 505 506 507
1 507 506 507 508
1 508 507 508 509
1 509 508 509 510
1 510 509 510 511
1 511 510 511 512
1 512 511 512 513
1 513 512 513 514
1 514 513 514 515
1 515 514 515 516
1 516 515 516 517
1 517 516 517 518
1 518 517 518 519
1 519 518 519 520
1 520 519 520 521
1 521 520 521 522
1 522 521 522 523
1 523 522 523 524
1 524 523 524 525
1 525 524 525 526
1 526 525 526 527
1 527 526 527 528
1 528 527 528 529
1 529 528 529 530
1 530 529 530 531
1 531 530 531 532
1 532 531 532 533
1 533 532 533 534
1 534 533 534 535
1 535 534 535 536
1 536 535 536 537
1 537 536 537 538
1 538 537 538 539
1 539 538 539 540
1 540 539 540 541
1 541 540 541 542
1 542 541 542 543
1 543 542 543 544
1 544 543 544 545
1 545 544 545 546
1 546 545 546 547
1 547 546 547 548
1 548 547 548 549
1 549 548 549 550
1 550 549 550 551
1 551 550 551 552
1 552 551 552 553
1 553 552 553 554
1 554 553 554 555
1 555 554 555 556
1 556 555 556 557
1 557 556 557 558
1 558 557 558 559
1 559 558 559 560
1 560 559 560 561
1 561 560 561 562
1 562 561 562 563
1 563 562 563 564
1 564 563 564 565
1 565 564 565 566
1 566 565 566 567
1 567 566 567 568
1 568 567 568 569
1 569 568 569 570
1 570 569 570 571
1 571 570 571 572
1 572 571 572 573
1 573 572 573 574
1 574 573 574 575
1 575 574 575 576
1 576 575 576 577
1 577 576 577 578
1 578 577 578 579
1 579 578 579 580
1 580 579 580 581
1 581 580 581 582
1 582 581 582 583
1 583 582 583 584
1 584 583 584 585
1 585 584 585 586
1 586 585 586 587
1 587 586 587 588
1 588 587 588 589
1 589 588 589 590
1 590 589 590 591
1 591 590 591 592
1 592 591 592 593
1 593 592 593 594
1 594 593 594 595
1 595 594 595 596
1 596 595 596 597
1 597 596 597 598
1 598 597 598 599
1 599 598 599 600
1 600 599 600 601
1 601 600 601 602
1 602 601 602 603
1 603 602 603 604
1 604 603 604 605
1 605 604 605 606
1 606 605 606 607
1 607 606 607 608
1 608 607 608 609
1 609 608 609 610
1 610 609 610 611
1 611 610 611 612
1 612 611 612 613
1 613 612 613 614
1 614 613 614 615
1 615 614 615 616
1 616 615 616 617
1 617 616 617 618
1 618 617 618 619
1 619 618 619 620
1 620 619 620 621
1 621 620 621 622
1 622 621 622 623
1 623 622 623 624
1 624 623 624 625
1 625 624 625 626
1 626 625 626 627
1 627 626 627 628
1 628 627 628 629
1 629 628 629 630
1 630 629 630 631
1 631 630 631 632
1 632 631 632 633
1 633 632 633 634
1 634 633 634 635
1 635 634 635 636
1 636 635 636 637
1 637 636 637 638
1 638 637 638 639
1 639 638 639 640
1 640 639 640 641
1 641 640 641 642
1 642 641 642 643
1 643 642 643 644
1 644 643 644 645
1 645 644 645 646
1 646 645 646 647
1 647 646 647 648
1 648 647 648 649
1 649 648 649 650
1 650 649 650 651
1 651 650 651 652
1 652 651 652 653
1 653 652 653 654
1 654 653 654 655
1 655 654 655 656
1 656 655 656 657
1 657 656 657 658
1 658 657 658 659
1 659 658 659 660
1 660 659 660 661
1 661 660 661 662
1 662 661 662 663
1 663 662 663 664
1 664 663 664 665
1 665 664 665 666
1 666 665 666 667
1 667 666 667 668
1 668 667 668 669
1 669 668 669 670
1 670 669 670 671
1 671 670 671 672
1 672 671 672 673
1 673 672 673 674
1 674 673 674 675
1 675 674 675 676
1 676 675 676 677
1 677 676 677 678
1 678 677 678 679
1 679 678 679 680
1 680 679 680 681
1 681 680 681 682
1 682 681 682 683
1 683 682 683 684
1 684 683 684 685
1 685 684 685 686
1 686 685 686 687
1 687 686 687 688
1 688 687 688 689
1 689 688 689 690
1 690 689 690 691
1 691 690 691 692
1 692 691 692 693
1 693 692 693 694
1 694 693 694 695
1 695 694 695 696
1 696 695 696 697
1 697 696 697 698
1 698 697 698 699
1 699 698 699 700
1 700 699 700 701
1 701 700 701 702
1 702 701 702 703
1 703 702 703 704
1 704 703 704 705
1 705 704 705 706
1 706 705 706 707
1 707 706 707 708
1 708 707 708 709
1 709 708 709 710
1 710 709 710 711
1 711 710 711 712
1 712 711 712 713
1 713 712 713 714
1 714 713 714 715
1 715 714 715 716
1 716 715 716 717
1 717 716 717 718
1 718 717 718 719
1 719 718 719 720
1 720 719 720 721
1 721 720 721 722
1 722 721 722 723
1 723 722 723 724
1 724 723 724 725
1 725 724 725 726
1 726 725 726 727
1 727 726 727 728
1 728 727 728 729
1 729 728 729 730
1 730 729 730 731
1 731 730 731 732
1 732 731 732 733
1 733 732 733 734
1 734 733 734 735
1 735 734 735 736
1 736 735 736 737
1 737 736 737 738
1 738 737 738 739
1 739 738 739 740
1 740 739 740 741
1 741 740 741 742
1 742 741 742 743
1 743 742 743 744
1 744 743 744 745
1 745 744 745 746
1 746 745 746 747
1 747 746 747 748
1 748 747 748 749
1 749 748 749 750
1 750 749 750 751
1 751 750 751 752
1 752 751 752 753
1 753 752 753 754
1 754 753 754 755
1 755 754 755 756
1 756 755 756 757
1 757 756 757 758
1 758 757 758 759
1 759 758 759 760
1 760 759 760 761
1 761 760 761 762
1 762 761 762 763
1 763 762 763 764
1 764 763 764 765
1 765 764 765 766
1 766 765 766 767
1 767 766 767 768
1 768 767 768 769
1 769 768 769 770
1 770 769 770 771
1 771 770 771 772
1 772 771 772 773
1 773 772 773 774
1 774 773 774 775
1 775 774 775 776
1 776 775 776 777
1 777 776 777 778
1 778 777 778 779
1 779 778 779 780
1 780 779 780 781
1 781 780 781 782
1 782 781 782 783
1 783 782 783 784
1 784 783 784 785
1 785 784 785 786
1 786 785 786 787
1 787 786 787 788
1 788 787 788 789
1 789 788 789 790
1 790 789 790 791
1 791 790 791 792
1 792 791 792 793
1 793 792 793 794
1 794 793 794 795
1 795 794 795 796
1 796 795 796 797
1 797 796 797 798
1 798 797 798 799
1 799 798 799 800
1 800 799 800 801
1 801 800 801 802
1 802 801 802 803
1 803 802 803 804
1 804 803 804 805
1 805 804 805 806
1 806 805 806 807
1 807 806 807 808
1 808 807 808 809
1 809 808 809 810
1 810 809 810 811
1 811 810 811 812
1 812 811 812 813
1 813 812 813 814
1 814 813 814 815
1 815 814 815 816
1 816 815 816 817
1 817 816 817 818
1 818 817 818 819
1 819 818 819 820
1 820 819 820 821
1 821 820 821 822
1 822 821 822 823
1 823 822 823 824
1 824 823 824 825
1 825 824 825 826
1 826 825 826 827
1 827 826 827 828
1 828 827 828 829
1 829 828 829 830
1 830 829 830 831
1 831 830 831 832
1 832 831 832 833
1 833 832 833 834
1 834 833 834 835
1 835 834 835 836
1 836 835 836 837
1 837 836 837 838
1 838 837 838 839
1 839 838 839 840
1 840 839 840 841
1 841 840 841 842
1 842 841 842 843
1 843 842 843 844
1 844 843 844 845
1 845 844 845 846
1 846 845 846 847
1 847 846 847 848
1 848 847 848 849
1 849 848 849 850
1 850 849 850 851
1 851 850 851 852
1 852 851 852 853
1 853 852 853 854
1 854 853 854 855
1 855 854 855 856
1 856 855 856 857
1 857 856 857 858
1 858 857 858 859
1 859 858 859 860
1 860 859 860 861
1 861 860 861 862
1 862 861 862 863
1 863 862 863 864
1 864 863 864 865
1 865 864 865 866
1 866 865 866 867
1 867 866 867 868
1 868 867 868 869
1 869 868 869 870
1 870 869 870 871
1 871 870 871 872
1 872 871 872 873
1 873 872 873 874
1 874 873 874 875
1 875 874 875 876
1 876 875 876 877
1 877 876 877 878
1 878 877 878 879
1 879 878 879 880
1 880 879 880 881
1 881 880 881 882
1 882 881 882 883
1 883 882 883 884
1 884 883 884 885
1 885 884 885 886
1 886 885 886 887
1 887 886 887 888
1 888 887 888 889
1 889 888 889 890
1 890 889 890 891
1 891 890 891 892
1 892 891 892 893
1 893 892 893 894
1 894 893 894 895
1 895 894 895 896
1 896 895 896 897
1 897 896 897 898
1 898 897 898 899
1 899 898 899 900
1 900 899 900 901
1 901 900 901 902
1 902 901 902 903
1 903 902 903 904
1 904 903 904 905
1 905 904 905 906
1 906 905 906 907
1 907 906 907 908
1 908 907 908 909
1 909 908 909 910
1 910 909 910 911
1 911 910 911 912
1 912 911 912 913
1 913 912 913 914
1 914 913 914 915
1 915 914 915 916
1 916 915 916 917
1 917 916 917 918
1 918 917 918 919
1 919 918 919 920
1 920 919 920 921
1 921 920 921 922
1 922 921 922 923
1 923 922 923 924
1 924 923 924 925
1 925 924 925 926
1 926 925 926 927
1 927 926 927 928
1 928 927 928 929
1 929 928 929 930
1 930 929 930 931
1 931 930 931 932
1 932 931 932 933
1 933 932 933 934
1 934 933 934 935
1 935 934 935 936
1 936 935 936 937
1 937 936 937 938
1 938 937 938 939
1 939 938 939 940
1 940 939 940 941
1 941 940 941 942
1 942 941 942 943
1 943 942 943 944
1 944 943 944 945
1 945 944 945 946
1 946 945 946 947
1 947 946 947 948
1 948 947 948 949
1 949 948 949 950
1 950 949 950 951
1 951 950 951 952
1 952 951 952 953
1 953 952 953 954
1 954 953 954 955
1 955 954 955 956
1 956 955 956 957
1 957 956 957 958
1 958 957 958 959
1 959 958 959 960
1 960 959 960 961
1 961 960 961 962
1 962 961 962 963
1 963 962 963 964
1 964 963 964 965
1 965 964 965 966
1 966 965 966 967
1 967 966 967 968
1 968 967 968 969
1 969 968 969 970
1 970 969 970 971
1 971 970 971 972
1 972 971 972 973
1 973 972 973 974
1 974 973 974 975
1 975 974 975 976
1 976 975 976 977
1 977 976 977 978
1 978 977 978 979
1 979 978 979 980
1 980 979 980 981
1 981 980 981 982
1 982 981 982 983
1 983 982 983 984
1 984 983 984 985
1 985 984 985 986
1 986 985 986 987
1 987 986 987 988
1 988 987 988 989
1 989 988 989 990
1 990 989 990 991
1 991 990 991 992
1 992 991 992 993
1 993 992 993 994
1 994 993 994 995
1 995 994 995 996
1 996 995 996 997
1 997 996 997 998
1 998 997 998 999
1 999 998 999 0
2 0 999 0 1
2 1 0 1 2
2 2 1 2 3
2 3 2 3 4
2 4 3 4 5
2 5 4 5 6
2 6 5 6 7
2 7 6 7 8
2 8 7 8 9
2 9 8 9 10
2 10 9 10 11
2 11 10 11 12
2 12 11 12 13
2 13 12 13 14
2 14 13 14 15
2 15 14 15 16
2 16 15 16 17
2 17 16 17 18
2 18 17 18 19
2 19 18 19 20
2 20 19 20 21
2 21 20 21 22
2 22 21 22 23
2 23 22 23 24
2 24 23 24 25
2 25 24 25 26
2 26 25 26 27
2 27 26 27 28
2 28 27 28 29
2 29 28 29 30
2 30 29 30 31
2 31 30 31 32
2 32 31 32 33
2 33 32 33 34
2 34 33 34 35
2 35 34 35 36
2 36 35 36 37
2 37 36 37 38
2 38 37 38 39
2 39 38 39 40
2 40 39 40 41
2 41 40 41 42
2 42 41 42 43
2 43 42 43 44
2 44 43 44 45
2 45 44 45 46
2 46 45 46 47
2 47 46 47 48
2 48 47 48 49
2 49 48 49 50
2 50 49 50 51
2 51 50 51 52
2 52 51 52 53
2 53 52 53 54
2 54 53 54 55
2 55 54 55 56
2 56 55 56 57
2 57 56 57 58
2 58 57 58 59
2 59 58 59 60
2 60 59 60 61
2 61 60 61 62
2 62 61 62 63
2 63 62 63 64
2 64 63 64 65
2 65 64 65 66
2 66 65 66 67
2 67 66 67 68
2 68 67 68 69
2 69 68 69 70
2 70 69 70 71
2 71 70 71 72
2 72 71 72 73
2 73 72 73 74
2 74 73 74 75
2 75 74 75 76
2 76 75 76 77
2 77 76 77 78
2 78 77 78 79
2 79 78 79 80
2 80 79 80 81
2 81 80 81 82
2 82 81 82 83
2 83 82 83 84
2 84 83 84 85
2 85 84 85 86
2 86 85 86 87
2 87 86 87 88
2 88 87 88 89
2 89 88 89 90
2 90 89 90 91
2 91 90 91 92
2 92 91 92 93
2 93 92 93 94
2 94 93 94 95
2 95 94 95 96
2 96 95 96 97
2 97 96 97 98
2 98 97 98 99
2 99 98 99 100
2 100 99 100 101
2 101 100 101 102
2 102 101 102 103
2 103 102 103 104
2 104 103 104 105
2 105 104 105 106
2 106 105 106 107
2 107 106 107 108
2 108 107 108 109
2 109 108 109 110
2 110 109 110 111
2 111 110 111 112
2 112 111 112 113
2 113 112 113 114
2 114 113 114 115
2 115 114 115 116
2 116 115 116 117
2 117 116 117 118
2 118 117 118 119
2 119 118 119 120
2 120 119 120 121
2 121 120 121 122
2 122 121 122 123
2 123 122 123 124
2 124 123 124 125
2 125 124 125 126
2 126 125 126 127
2 127 126 127 128
2 128 127 128 129
2 129 128 129 130
2 130 129 130 131
2 131 130 131 132
2 132 131 132 133
2 133 132 133 134
2 134 133 134 135
2 135 134 135 136
2 136 135 136 137
2 137 136 137 138
2 138 137 138 139
2 139 138 139 140
2 140 139 140 141
2 141 140 141 142
2 142 141 142 143
2 143 142 143 144
2 144 143 144 145
2 145 144 145 146
2 146 145 146 147
2 147 146 147 148
2 148 147 148 149
2 149 148 149 150
2 150 149 150 151
2 151 150 151 152
2 152 151 152 153
2 153 152 153 154
2 154 153 154 155
2 155 154 155 156
2 156 155 156 157
2 157 156 157 158
2 158 157 158 159
2 159 158 159 160
2 160 159 160 161
2 161 160 161 162
2 162 161 162 163
2 163 162 163 164
2 164 163 164 165
2 165 164 165 166
2 166 165 166 167
2 167 166 167 168
2 168 167 168 169
2 169 168 169 170
2 170 169 170 171
2 171 170 171 172
2 172 171 172 173
2 173 172 173 174
2 174 173 174 175
2 175 174 175 176
2 176 175 176 177
2 177 176 177 178
2 178 177 178 179
2 179 178 179 180
2 180 179 180 181
2 181 180 181 182
2 182 181 182 183
2 183 182 183 184
2 184 183 184 185
2 185 184 185 186
2 186 185 186 187
2 187 186 187 188
2 188 187 188 189
2 189 188 189 190
2 190 189 190 191
2 191 190 191 192
2 192 191 192 193
2 193 192 193 194
2 194 193 194 195
2 195 194 195 196
2 196 195 196 197
2 197 196 197 198
2 198 197 198 199
2 199 198 199 200
2 200 199 200 201
2 201 200 201 202
2 202 201 202 203
2 203 202 203 204
2 204 203 204 205
2 205 204 205 206
2 206 205 206 207
2 207 206 207 208
2 208 207 208 209
2 209 208 209 210
2 210 209 210 211
2 211 210 211 212
2 212 211 212 213
2 213 212 213 214
2 214 213 214 215
2 215 214 215 216
2 216 215 216 217
2 217 216 217 218
2 218 217 218 219
2 219 218 219 220
2 220 219 220 221
2 221 220 221 222
2 222 221 222 223
2 223 222 223 224
2 224 223 224 225
2 225 224 225 226
2 226 225 226 227
2 227 226 227 228
2 228 227 228 229
2 229 228 229 230
2 230 229 230 231
2 231 230 231 232
2 232 231 232 233
2 233 232 233 234
2 234 233 234 235
2 235 234 235 236
2 236 235 236 237
2 237 236 237 238
2 238 237 238 239
2 239 238 239 240
2 240 239 240 241
2 241 240 241 242
2 242 241 242 243
2 243 242 243 244
2 244 243 244 245
2 245 244 245 246
2 246 245 246 247
2 247 246 247 248
2 248 247 248 249
2 249 248 249 250
2 250 249 250 251
2 251 250 251 252
2 252 251 252 253
2 253 252 253 254
2 254 253 254 255
2 255 254 255 256
2 256 255 256 257
2 257 256 257 258
2 258 257 258 259
2 259 258 259 260
2 260 259 260 261
2 261 260 261 262
2 262 261 262 263
2 263 262 263 264
2 264 263 264 265
2 265 264 265 266
2 266 265 266 267
2 267 266 267 268
2 268 267 268 269
2 269 268 269 270
2 270 269 270 271
2 271 270 271 272
2 272 271 272 273
2 273 272 273 274
2 274 273 274 275
2 275 274 275 276
2 276 275 276 277
2 277 276 277 278
2 278 277 278 279
2 279 278 279 280
2 280 279 280 281
2 281 280 281 282
2 282 281 282 283
2 283 282 283 284
2 284 283 284 285
2 285 284 285 286
2 286 285 286 287
2 287 286 287 288
2 288 287 288 289
2 289 288 289 290
2 290 289 290 291
2 291 290 291 292
2 292 291 292 293
2 293 292 293 294
2 294 293 294 295
2 295 294 295 296
2 296 295 296 297
2 297 296 297 298
2 298 297 298 299
2 299 298 299 300
2 300 299 300 301
2 301 300 301 302
2 302 301 302 303
2 303 302 303 304
2 304 303 304 305
2 305 304 305 306
2 306 305 306 307
2 307 306 307 308
2 308 307 308 309
2 309 308 309 310
2 310 309 310 311
2 311 310 311 312
2 312 311 312 313
2 313 312 313 314
2 314 313 314 315
2 315 314 315 316
2 316 315 316 317
2 317 316 317 318
2 318 317 318 319
2 319 318 319 320
2 320 319 320 321
2 321 320 321 322
2 322 321 322 323
2 323 322 323 324
2 324 323 324 325
2 325 324 325 326
2 326 325 326 327
2 327 326 327 328
2 328 327 328 329
2 329 328 329 330
2 330 329 330 331
2 331 330 331 332
2 332 331 332 333
2 333 332 333 334
2 334 333 334 335
2 335 334 335 336
2 336 335 336 337
2 337 336 337 338
2 338 337 338 339
2 339 338 339 340
2 340 339 340 341
2 341 340 341 342
2 342 341 342 343
2 343 342 343 344
2 344 343 344 345
2 345 344 345 346
2 346 345 346 347
2 347 346 347 348
2 348 347 348 349
2 349 348 349 350
2 350 349 350 351
2 351 350 351 352
2 352 351 352 353
2 353 352 353 354
2 354 353 354 355
2 355 354 355 356
2 356 355 356 357
2 357 356 357 358
2 358 357 358 359
2 359 358 359 360
2 360 359 360 361
2 361 360 361 362
2 362 361 362 363
2 363 362 363 364
2 364 363 364 365
2 365 364 365 366
2 366 365 366 367
2 367 366 367 368
2 368 367 368 369
2 369 368 369 370
2 370 369 370 371
2 371 370 371 372
2 372 371 372 373
2 373 372 373 374
2 374 373 374 375
2 375 374 375 376
2 376 375 376 377
2 377 376 377 378
2 378 377 378 379
2 379 378 379 380
2 380 379 380 381
2 381 380 381 382
2 382 381 382 383
2 383 382 383 384
2 384 383 384 385
2 385 384 385 386
2 386 385 386 387
2 387 386 387 388
2 388 387 388 389
2 389 388 389 390
2 390 389 390 391
2 391 390 391 392
2 392 391 392 393
2 393 392 393 394
2 394 393 394 395
2 395 394 395 396
2 396 395 396 397
2 397 396 397 398
2 398 397 398 399
2 399 398 399 400
2 400 399 400 401
2 401 400 401 402
2 402 401 402 403
2 403 402 403 404
2 404 403 404 405
2 405 404 405 406
2 406 405 406 407
2 407 406 407 408
2 408 407 408 409
2 409 408 409 410
2 410 409 410 411
2 411 410 411 412
2 412 411 412 413
2 413 412 413 414
2 414 413 414 415
2 415 414 415 416
2 416 415 416 417
2 417 416 417 418
2 418 417 418 419
2 419 418 419 420
2 420 419 420 421
2 421 420 421 422
2 422 421 422 423
2 423 422 423 424
2 424 423 424 425
2 425 424 425 426
2 426 425 426 427
2 427 426 427 428
2 428 427 428 429
2 429 428 429 430
2 430 429 430 431
2 431 430 431 432
2 432 431 432 433
2 433 432 433 434
2 434 433 434 435
2 435 434 435 436
2 436 435 436 437
2 437 436 437 438
2 438 437 438 439
2 439 438 439 440
2 440 439 440 441
2 441 440 441 442
2 442 441 442 443
2 443 442 443 444
2 444 443 444 445
2 445 444 445 446
2 446 445 446 447
2 447 446 447 448
2 448 447 448 449
2 449 448 449 450
2 450 449 450 451
2 451 450 451 452
2 452 451 452 453
2 453 452 453 454
2 454 453 454 455
2 455 454 455 456
2 456 455 456 457
2 457 456 457 458
2 458 457 458 459
2 459 458 459 460
2 460 459 460 461
2 461 460 461 462
2 462 461 462 463
2 463 462 463 464
2 464 463 464 465
2 465 464 465 466
2 466 465 466 467
2 467 466 467 468
2 468 467 468 469
2 469 468 469 470
2 470 469 470 471
2 471 470 471 472
2 472 471 472 473
2 473 472 473 474
2 474 473 474 475
2 475 474 475 476
2 476 475 476 477
2 477 476 477 478
2 478 477 478 479
2 479 478 479 480
2 480 479 480 481
2 481 480 481 482
2 482 481 482 483
2 483 482 483 484
2 484 483 484 485
2 485 484 485 486
2 486 485 486 487
2 487 486 487 488
2 488 487 488 489
2 489 488 489 490
2 490 489 490 491
2 491 490 491 492
2 492 491 492 493
2 493 492 493 494
2 494 493 494 495
2 495 494 495 496
2 496 495 496 497
2 497 496 497 498
2 498 497 498 499
2 499 498 499 500
2 500 499 500 501
2 501 500 501 502
2 502 501 502 503
2 503 502 503 504
2 504 503 504 505
2 505 504 505 506
2 506 505 506 507
2 507 506 507 508
2 508 507 508 509
2 509 508 509 510
2 510 509 510 511
2 511 510 511 512
2 512 511 512 513
2 513 512 513 514
2 514 513 514 515
2 515 514 515 516
2 516 515 516 517
2 517 516 517 518
2 518 517 518 519
2 519 518 519 520
2 520 519 520 521
2 521 520 521 522
2 522 521 522 523
2 523 522 523 524
2 524 523 524 525
2 525 524 525 526
2 526 525 526 527
2 527 526 527 528
2 528 527 528 529
2 529 528 529 530
2 530 529 530 531
2 531 530 531 532
2 532 531 532 533
2 533 532 533 534
2 534 533 534 535
2 535 534 535 536
2 536 535 536 537
2 537 536 537 538
2 538 537 538 539
2 539 538 539 540
2 540 539 540 541
2 541 540 541 542
2 542 541 542 543
2 543 542 543 544
2 544 543 544 545
2 545 544 545 546
2 546 545 546 547
2 547 546 547 548
2 548 547 548 549
2 549 548 549 550
2 550 549 550 551
2 551 550 551 552
2 552 551 552 553
2 553 552 553 554
2 554 553 554 555
2 555 554 555 556
2 556 555 556 557
2 557 556 557 558
2 558 557 558 559
2 559 558 559 560
2 560 559 560 561
2 561 560 561 562
2 562 561 562 563
2 563 562 563 564
2 564 563 564 565
2 565 564 565 566
2 566 565 566 567
2 567 566 567 568
2 568 567 568 569
2 569 568 569 570
2 570 569 570 571
2 571 570 571 572
2 572 571 572 573
2 573 572 573 574
2 574 573 574 575
2 575 574 575 576
2 576 575 576 577
2 577 576 577 578
2 578 577 578 579
2 579 578 579 580
2 580 579 580 581
2 581 580 581 582
2 582 581 582 583
2 583 582 583 584
2 584 583 584 585
2 585 584 585 586
2 586 585 586 587
2 587 586 587 588
2 588 587 588 589
2 589 588 589 590
2 590 589 590 591
2 591 590 591 592
2 592 591 592 593
2 593 592 593 594
2 594 593 594 595
2 595 594 595 596
2 596 595 596 597
2 597 596 597 598
2 598 597 598 599
2 599 598 599 600
2 600 599 600 601
2 601 600 601 602
2 602 601 602 603
2 603 602 603 604
2 604 603 604 605
2 605 604 605 606
2 606 605 606 607
2 607 606 607 608
2 608 607 608 609
2 609 608 609 610
2 610 609 610 611
2 611 610 611 612
2 612 611 612 613
2 613 612 613 614
2 614 613 614 615
2 615 614 615 616
2 616 615 616 617
2 617 616 617 618
2 618 617 618 619
2 619 618 619 620
2 620 619 620 621
2 621 620 621 622
2 622 621 622 623
2 623 622 623 624
2 624 623 624 625
2 625 624 625 626
2 626 625 626 627
2 627 626 627 628
2 628 627 628 629
2 629 628 629 630
2 630 629 630 631
2 631 630 631 632
2 632 631 632 633
2 633 632 633 634
2 634 633 634 635
2 635 634 635 636
2 636 635 636 637
2 637 636 637 638
2 638 637 638 639
2 639 638 639 640
2 640 639 640 641
2 641 640 641 642
2 642 641 642 643
2 643 642 643 644
2 644 643 644 645
2 645 644 645 646
2 646 645 646 647
2 647 646 647 648
2 648 647 648 649
2 649 648 649 650
2 650 649 650 651
2 651 650 651 652
2 652 651 652 653
2 653 652 653 654
2 654 653 654 655
2 655 654 655 656
2 656 655 656 657
2 657 656 657 658
2 658 657 658 659
2 659 658 659 660
2 660 659 660 661
2 661 660 661 662
2 662 661 662 663
2 663 662 663 664
2 664 663 664 665
2 665 664 665 666
2 666 665 666 667
2 667 666 667 668
2 668 667 668 669
2 669 668 669 670
2 670 669 670 671
2 671 670 671 672
2 672 671 672 673
2 673 672 673 674
2 674 673 674 675
2 675 674 675 676
2 676 675 676 677
2 677 676 677 678
2 678 677 678 679
2 679 678 679 680
2 680 679 680 681
2 681 680 681 682
2 682 681 682 683
2 683 682 683 684
2 684 683 684 685
2 685 684 685 686
2 686 685 686 687
2 687 686 687 688
2 688 687 688 689
2 689 688 689 690
2 690 689 690 691
2 691 690 691 692
2 692 691 692 693
2 693 692 693 694
2 694 693 694 695
2 695 694 695 696
2 696 695 696 697
2 697 696 697 698
2 698 697 698 699
2 699 698 699 700
2 700 699 700 701
2 701 700 701 702
2 702 701 702 703
2 703 702 703 704
2 704 703 704 705
2 705 704 705 706
2 706 705 706 707
2 707 706 707 708
2 708 707 708 709
2 709 708 709 710
2 710 709 710 711
2 711 710 711 712
2 712 711 712 713
2 713 712 713 714
2 714 713 714 715
2 715 714 715 716
2 716 715 716 717
2 717 716 717 718
2 718 717 718 719
2 719 718 719 720
2 720 719 720 721
2 721 720 721 722
2 722 721 722 723
2 723 722 723 724
2 724 723 724 725
2 725 724 725 726
2 726 725 726 727
2 727 726 727 728
2 728 727 728 729
2 729 728 729 730
2 730 729 730 731
2 731 730 731 732
2 732 731 732 733
2 733 732 733 734
2 734 733 734 735
2 735 734 735 736
2 736 735 736 737
2 737 736 737 738
2 738 737 738 739
2 739 738 739 740
2 740 739 740 741
2 741 740 741 742
2 742 741 742 743
2 743 742 743 744
2 744 743 744 745
2 745 744 745 746
2 746 745 746 747
2 747 746 747 748
2 748 747 748 749
2 749 748 749 750
2 750 749 750 751
2 751 750 751 752
2 752 751 752 753
2 753 752 753 754
2 754 753 754 755
2 755 754 755 756
2 756 755 756 757
2 757 756 757 758
2 758 757 758 759
2 759 758 759 760
2 760 759 760 761
2 761 760 761 762
2 762 761 762 763
2 763 762 763 764
2 764 763 764 765
2 765 764 765 766
2 766 765 766 767
2 767 766 767 768
2 768 767 768 769
2 769 768 769 770
2 770 769 770 771
2 771 770 771 772
2 772 771 772 773
2 773 772 773 774
2 774 773 774 775
2 775 774 775 776
2 776 775 776 777
2 777 776 777 778
2 778 777 778 779
2 779 778 779 780
2 780 779 780 781
2 781 780 781 782
2 782 781 782 783
2 783 782 783 784
2 784 783 784 785
2 785 784 785 786
2 786 785 786 787
2 787 786 787 788
2 788 787 788 789
2 789 788 789 790
2 790 789 790 791
2 791 790 791 792
2 792 791 792 793
2 793 792 793 794
2 794 793 794 795
2 795 794 795 796
2 796 795 796 797
2 797 796 797 798
2 798 797 798 799
2 799 798 799 800
2 800 799 800 801
2 801 800 801 802
2 802 801 802 803
2 803 802 803 804
2 804 803 804 805
2 805 804 805 806
2 806 805 806 807
2 807 806 807 808
2 808 807 808 809
2 809 808 809 810
2 810 809 810 811
2 811 810 811 812
2 812 811 812 813
2 813 812 813 814
2 814 813 814 815
2 815 814 815 816
2 816 815 816 817
2 817 816 817 818
2 818 817 818 819
2 819 818 819 820
2 820 819 820 821
2 821 820 821 822
2 822 821 822 823
2 823 822 823 824
2 824 823 824 825
2 825 824 825 826
2 826 825 826 827
2 827 826 827 828
2 828 827 828 829
2 829 828 829 830
2 830 829 830 831
2 831 830 831 832
2 832 831 832 833
2 833 832 833 834
2 834 833 834 835
2 835 834 835 836
2 836 835 836 837
2 837 836 837 838
2 838 837 838 839
2 839 838 839 840
2 840 839 840 841
2 841 840 841 842
2 842 841 842 843
2 843 842 843 844
2 844 843 844 845
2 845 844 845 846
2 846 845 846 847
2 847 846 847 848
2 848 847 848 849
2 849 848 849 850
2 850 849 850 851
2 851 850 851 852
2 852 851 852 853
2 853 852 853 854
2 854 853 854 855
2 855 854 855 856
2 856 855 856 857
2 857 856 857 858
2 858 857 858 859
2 859 858 859 860
2 860 859 860 861
2 861 860 861 862
2 862 861 862 863
2 863 862 863 864
2 864 863 864 865
2 865 864 865 866
2 866 865 866 867
2 867 866 867 868
2 868 867 868 869
2 869 868 869 870
2 870 869 870 871
2 871 870 871 872
2 872 871 872 873
2 873 872 873 874
2 874 873 874 875
2 875 874 875 876
2 876 875 876 877
2 877 876 877 878
2 878 877 878 879
2 879 878 879 880
2 880 879 880 881
2 881 880 881 882
2 882 881 882 883
2 883 882 883 884
2 884 883 884 885
2 885 884 885 886
2 886 885 886 887
2 887 886 887 888
2 888 887 888 889
2 889 888 889 890
2 890 889 890 891
2 891 890 891 892
2 892 891 892 893
2 893 892 893 894
2 894 893 894 895
2 895 894 895 896
2 896 895 896 897
2 897 896 897 898
2 898 897 898 899
2 899 898 899 900
2 900 899 900 901
2 901 900 901 902
2 902 901 902 903
2 903 902 903 904
2 904 903 904 905
2 905 904 905 906
2 906 905 906 907
2 907 906 907 908
2 908 907 908 909
2 909 908 909 910
2 910 909 910 911
2 911 910 911 912
2 912 911 912 913
2 913 912 913 914
2 914 913 914 915
2 915 914 915 916
2 916 915 916 917
2 917 916 917 918
2 918 917 918 919
2 919 918 919 920
2 920 919 920 921
2 921 920 921 922
2 922 921 922 923
2 923 922 923 924
2 924 923 924 925
2 925 924 925 926
2 926 925 926 927
2 927 926 927 928
2 928 927 928 929
2 929 928 929 930
2 930 929 930 931
2 931 930 931 932
2 932 931 932 933
2 933 932 933 934
2 934 933 934 935
2 935 934 935 936
2 936 935 936 937
2 937 936 937 938
2 938 937 938 939
2 939 938 939 940
2 940 939 940 941
2 941 940 941 942
2 942 941 942 943
2 943 942 943 944
2 944 943 944 945
2 945 944 945 946
2 946 945 946 947
2 947 946 947 948
2 948 947 948 949
2 949 948 949 950
2 950 949 950 951
2 951 950 951 952
2 952 951 952 953
2 953 952 953 954
2 954 953 954 955
2 955 954 955 956
2 956 955 956 957
2 957 956 957 958
2 958 957 958 959
2 959 958 959 960
2 960 959 960 961
2 961 960 961 962
2 962 961 962 963
2 963 962 963 964
2 964 963 964 965
2 965 964 965 966
2 966 965 966 967
2 967 966 967 968
2 968 967 968 969
2 969 968 969 970
2 970 969 970 971
2 971 970 971 972
2 972 971 972 973
2 973 972 973 974
2 974 973 974 975
2 975 974 975 976
2 976 975 976 977
2 977 976 977 978
2 978 977 978 979
2 979 978 979 980
2 980 979 980 981
2 981 980 981 982
2 982 981 982 983
2 983 982 983 984
2 984 983 984 985
2 985 984 985 986
2 986 985 986 987
2 987 986 987 988
2 988 987 988 989
2 989 988 989 990
2 990 989 990 991
2 991 990 991 992
2 992 991 992 993
2 993 992 993 994
2 994 993 994 995
2 995 994 995 996
2 996 995 996 997
2 997 996 997 998
2 998 997 998 999
2 999 998 999 0
3 0 999 0 1
3 1 0 1 2
3 2 1 2 3
3 3 2 3 4
3 4 3 4 5
3 5 4 5 6
3 6 5 6 7
3 7 6 7 8
3 8 7 8 9
3 9 8 9 10
3 10 9 10 11
3 11 10 11 12
3 12 11 12 13
3 13 12 13 14
3 14 13 14 15
3 15 14 15 16
3 16 15 16 17
3 17 16 17 18
3 18 17 18 19
3 19 18 19 20
3 20 19 20 21
3 21 20 21 22
3 22 21 22 23
3 23 22 23 24
3 24 23 24 25
3 25 24 25 26
3 26 25 26 27
3 27 26 27 28
3 28 27 28 29
3 29 28 29 30
3 30 29 30 31
3 31 30 31 32
3 32 31 32 33
3 33 32 33 34
3 34 33 34 35
3 35 34 35 36
3 36 35 36 37
3 37 36 37 38
3 38 37 38 39
3 39 38 39 40
3 40 39 40 41
3 41 40 41 42
3 42 41 42 43
3 43 42 43 44
3 44 43 44 45
3 45 44 45 46
3 46 45 46 47
3 47 46 47 48
3 48 47 48 49
3 49 48 49 50
3 50 49 50 51
3 51 50 51 52
3 52 51 52 53
3 53 52 53 54
3 54 53 54 55
3 55 54 55 56
3 56 55 56 57
3 57 56 57 58
3 58 57 58 59
3 59 58 59 60
3 60 59 60 61
3 61 60 61 62
3 62 61 62 63
3 63 62 63 64
3 64 63 64 65
3 65 64 65 66
3 66 65 66 67
3 67 66 67 68
3 68 67 68 69
3 69 68 69 70
3 70 69 70 71
3 71 70 71 72
3 72 71 72 73
3 73 72 73 74
3 74 73 74 75
3 75 74 75 76
3 76 75 76 77
3 77 76 77 78
3 78 77 78 79
3 79 78 79 80
3 80 79 80 81
3 81 80 81 82
3 82 81 82 83
3 83 82 83 84
3 84 83 84 85
3 85 84 85 86
3 86 85 86 87
3 87 86 87 88
3 88 87 88 89
3 89 88 89 90
3 90 89 90 91
3 91 90 91 92
3 92 91 92 93
3 93 92 93 94
3 94 93 94 95
3 95 94 95 96
3 96 95 96 97
3 97 96 97 98
3 98 97 98 99
3 99 98 99 100
3 100 99 100 101
3 101 100 101 102
3 102 101 102 103
3 103 102 103 104
3 104 103 104 105
3 105 104 105 106
3 106 105 106 107
3 107 106 107 108
3 108 107 108 109
3 109 108 109 110
3 110 109 110 111
3 111 110 111 112
3 112 111 112 113
3 113 112 113 114
3 114 113 114 115
3 115 114 115 116
3 116 115 116 117
3 117 116 117 118
3 118 117 118 119
3 119 118 119 120
3 120 119 120 121
3 121 120 121 122
3 122 121 122 123
3 123 122 123 124
3 124 123 124 125
3 125 124 125 126
3 126 125 126 127
3 127 126 127 128
3 128 127 128 129
3 129 128 129 130
3 130 129 130 131
3 131 130 131 132
3 132 131 132 133
3 133 132 133 134
3 134 133 134 135
3 135 134 135 136
3 136 135 136 137
3 137 136 137 138
3 138 137 138 139
3 139 138 139 140
3 140 139 140 141
3 141 140 141 142
3 142 141 142 143
3 143 142 143 144
3 144 143 144 145
3 145 144 145 146
3 146 145 146 147
3 147 146 147 148
3 148 147 148 149
3 149 148 149 150
3 150 149 150 151
3 151 150 151 152
3 152 151 152 153
3 153 152 153 154
3 154 153 154 155
3 155 154 155 156
3 156 155 156 157
3 157 156 157 158
3 158 157 158 159
3 159 158 159 160
3 160 159 160 161
3 161 160 161 162
3 162 161 162 163
3 163 162 163 164
3 164 163 164 165
3 165 164 165 166
3 166 165 166 167
3 167 166 167 168
3 168 167 168 169
3 169 168 169 170
3 170 169 170 171
3 171 170 171 172
3 172 171 172 173
3 173 172 173 174
3 174 173 174 175
3 175 174 175 176
3 176 175 176 177
3 177 176 177 178
3 178 177 178 179
3 179 178 179 180
3 180 179 180 181
3 181 180 181 182
3 182 181 182 183
3 183 182 183 184
3 184 183 184 185
3 185 184 185 186
3 186 185 186 187
3 187 186 187 188
3 188 187 188 189
3 189 188 189 190
3 190 189 190 191
3 191 190 191 192
3 192 191 192 193
3 193 192 193 194
3 194 193 194 195
3 195 194 195 196
3 196 195 196 197
3 197 196 197 198
3 198 197 198 199
3 199 198 199 200
3 200 199 200 201
3 201 200 201 202
3 202 201 202 203
3 203 202 203 204
3 204 203 204 205
3 205 204 205 206
3 206 205 206 207
3 207 206 207 208
3 208 207 208 209
3 209 208 209 210
3 210 209 210 211
3 211 210 211 212
3 212 211 212 213
3 213 212 213 214
3 214 213 214 215
3 215 214 215 216
3 216 215 216 217
3 217 216 217 218
3 218 217 218 219
3 219 218 219 220
3 220 219 220 221
3 221 220 221 222
3 222 221 222 223
3 223 222 223 224
3 224 223 224 225
3 225 224 225 226
3 226 225 226 227
3 227 226 227 228
3 228 227 228 229
3 229 228 229 230
3 230 229 230 231
3 231 230 231 232
3 232 231 232 233
3 233 232 233 234
3 234 233 234 235
3 235 234 235 236
3 236 235 236 237
3 237 236 237 238
3 238 237 238 239
3 239 238 239 240
3 240 239 240 241
3 241 240 241 242
3 242 241 242 243
3 243 242 243 244
3 244 243 244 245
3 245 244 245 246
3 246 245 246 247
3 247 246 247 248
3 248 247 248 249
3 249 248 249 250
3 250 249 250 251
3 251 250 251 252
3 252 251 252 253
3 253 252 253 254
3 254 253 254 255
3 255 254 255 256
3 256 255 256 257
3 257 256 257 258
3 258 257 258 259
3 259 258 259 260
3 260 259 260 261
3 261 260 261 262
3 262 261 262 263
3 263 262 263 264
3 264 263 264 265
3 265 264 265 266
3 266 265 266 267
3 267 266 267 268
3 268 267 268 269
3 269 268 269 270
3 270 269 270 271
3 271 270 271 272
3 272 271 272 273
3 273 272 273 274
3 274 273 274 275
3 275 274 275 276
3 276 275 276 277
3 277 276 277 278
3 278 277 278 279
3 279 278 279 280
3 280 279 280 281
3 281 280 281 282
3 282 281 282 283
3 283 282 283 284
3 284 283 284 285
3 285 284 285 286
3 286 285 286 287
3 287 286 287 288
3 288 287 288 289
3 289 288 289 290
3 290 289 290 291
3 291 290 291 292
3 292 291 292 293
3 293 292 293 294
3 294 293 294 295
3 295 294 295 296
3 296 295 296 297
3 297 296 297 298
3 298 297 298 299
3 299 298 299 300
3 300 299 300 301
3 301 300 301 302
3 302 301 302 303
3 303 302 303 304
3 304 303 304 305
3 305 304 305 306
3 306 305 306 307
3 307 306 307 308
3 308 307 308 309
3 309 308 309 310
3 310 309 310 311
3 311 310 311 312
3 312 311 312 313
3 313 312 313 314
3 314 313 314 315
3 315 314 315 316
3 316 315 316 317
3 317 316 317 318
3 318 317 318 319
3 319 318 319 320
3 320 319 320 321
3 321 320 321 322
3 322 321 322 323
3 323 322 323 324
3 324 323 324 325
3 325 324 325 326
3 326 325 326 327
3 327 326 327 328
3 328 327 328 329
3 329 328 329 330
3 330 329 330 331
3 331 330 331 332
3 332 331 332 333
3 333 332 333 334
3 334 333 334 335
3 335 334 335 336
3 336 335 336 337
3 337 336 337 338
3 338 337 338 339
3 339 338 339 340
3 340 339 340 341
3 341 340 341 342
3 342 341 342 343
3 343 342 343 344
3 344 343 344 345
3 345 344 345 346
3 346 345 346 347
3 347 346 347 348
3 348 347 348 349
3 349 348 349 350
3 350 349 350 351
3 351 350 351 352
3 352 351 352 353
3 353 352 353 354
3 354 353 354 355
3 355 354 355 356
3 356 355 356 357
3 357 356 357 358
3 358 357 358 359
3 359 358 359 360
3 360 359 360 361
3 361 360 361 362
3 362 361 362 363
3 363 362 363 364
3 364 363 364 365
3 365 364 365 366
3 366 365 366 367
3 367 366 367 368
3 368 367 368 369
3 369 368 369 370
3 370 369 370 371
3 371 370 371 372
3 372 371 372 373
3 373 372 373 374
3 374 373 374 375
3 375 374 375 376
3 376 375 376 377
3 377 376 377 378
3 378 377 378 379
3 379 378 379 380
3 380 379 380 381
3 381 380 381 382
3 382 381 382 383
3 383 382 383 384
3 384 383 384 385
3 385 384 385 386
3 386 385 386 387
3 387 386 387 388
3 388 387 388 389
3 389 388 389 390
3 390 389 390 391
3 391 390 391 392
3 392 391 392 393
3 393 392 393 394
3 394 393 394 395
3 395 394 395 396
3 396 395 396 397
3 397 396 397 398
3 398 397 398 399
3 399 398 399 400
3 400 399 400 401
3 401 400 401 402
3 402 401 402 403
3 403 402 403 404
3 404 403 404 405
3 405 404 405 406
3 406 405 406 407
3 407 406 407 408
3 408 407 408 409
3 409 408 409 410
3 410 409 410 411
3 411 410 411 412
3 412 411 412 413
3 413 412 413 414
3 414 413 414 415
3 415 414 415 416
3 416 415 416 417
3 417 416 417 418
3 418 417 418 419
3 419 418 419 420
3 420 419 420 421
3 421 420 421 422
3 422 421 422 423
3 423 422 423 424
3 424 423 424 425
3 425 424 425 426
3 426 425 426 427
3 427 426 427 428
3 428 427 428 429
3 429 428 429 430
3 430 429 430 431
3 431 430 431 432
3 432 431 432 433
3 433 432 433 434
3 434 433 434 435
3 435 434 435 436
3 436 435 436 437
3 437 436 437 438
3 438 437 438 439
3 439 438 439 440
3 440 439 440 441
3 441 440 441 442
3 442 441 442 443
3 443 442 443 444
3 444 443 444 445
3 445 444 445 446
3 446 445 446 447
3 447 446 447 448
3 448 447 448 449
3 449 448 449 450
3 450 449 450 451
3 451 450 451 452
3 452 451 452 453
3 453 452 453 454
3 454 453 454 455
3 455 454 455 456
3 456 455 456 457
3 457 456 457 458
3 458 457 458 459
3 459 458 459 460
3 460 459 460 461
3 461 460 461 462
3 462 461 462 463
3 463 462 463 464
3 464 463 464 465
3 465 464 465 466
3 466 465 466 467
3 467 466 467 468
3 468 467 468 469
3 469 468 469 470
3 470 469 470 471
3 471 470 471 472
3 472 471 472 473
3 473 472 473 474
3 474 473 474 475
3 475 474 475 476
3 476 475 476 477
3 477 476 477 478
3 478 477 478 479
3 479 478 479 480
3 480 479 480 481
3 481 480 481 482
3 482 481 482 483
3 483 482 483 484
3 484 483 484 485
3 485 484 485 486
3 486 485 486 487
3 487 486 487 488
3 488 487 488 489
3 489 488 489 490
3 490 489 490 491
3 491 490 491 492
3 492 491 492 493
3 493 492 493 494
3 494 493 494 495
3 495 494 495 496
3 496 495 496 497
3 497 496 497 498
3 498 497 498 499
3 499 498 499 500
3 500 499 500 501
3 501 500 501 502
3 502 501 502 503
3 503 502 503 504
3 504 503 504 505
3 505 504 505 506
3 506 505 506 507
3 507 506 507 508
3 508 507 508 509
3 509 508 509 510
3 510 509 510 511
3 511 510 511 512
3 512 511 512 513
3 513 512 513 514
3 514 513 514 515
3 515 514 515 516
3 516 515 516 517
3 517 516 517 518
3 518 517 518 519
3 519 518 519 520
3 520 519 520 521
3 521 520 521 522
3 522 521 522 523
3 523 522 523 524
3 524 523 524 525
3 525 524 525 526
3 526 525 526 527
3 527 526 527 528
3 528 527 528 529
3 529 528 529 530
3 530 529 530 531
3 531 530 531 532
3 532 531 532 533
3 533 532 533 534
3 534 533 534 535
3 535 534 535 536
3 536 535 536 537
3 537 536 537 538
3 538 537 538 539
3 539 538 539 540
3 540 539 540 541
3 541 540 541 542
3 542 541 542 543
3 543 542 543 544
3 544 543 544 545
3 545 544 545 546
3 546 545 546 547
3 547 546 547 548
3 548 547 548 549
3 549 548 549 550
3 550 549 550 551
3 551 550 551 552
3 552 551 552 553
3 553 552 553 554
3 554 553 554 555
3 555 554 555 556
3 556 555 556 557
3 557 556 557 558
3 558 557 558 559
3 559 558 559 560
3 560 559 560 561
3 561 560 561 562
3 562 561 562 563
3 563 562 563 564
3 564 563 564 565
3 565 564 565 566
3 566 565 566 567
3 567 566 567 568
3 568 567 568 569
3 569 568 569 570
3 570 569 570 571
3 571 570 571 572
3 572 571 572 573
3 573 572 573 574
3 574 573 574 575
3 575 574 575 576
3 576 575 576 577
3 577 576 577 578
3 578 577 578 579
3 579 578 579 580
3 580 579 580 581
3 581 580 581 582
3 582 581 582 583
3 583 582 583 584
3 584 583 584 585
3 585 584 585 586
3 586 585 586 587
3 587 586 587 588
3 588 587 588 589
3 589 588 589 590
3 590 589 590 591
3 591 590 591 592
3 592 591 592 593
3 593 592 593 594
3 594 593 594 595
3 595 594 595 596
3 596 595 596 597
3 597 596 597 598
3 598 597 598 599
3 599 598 599 600
3 600 599 600 601
3 601 600 601 602
3 602 601 602 603
3 603 602 603 604
3 604 603 604 605
3 605 604 605 606
3 606 605 606 607
3 607 606 607 608
3 608 607 608 609
3 609 608 609 610
3 610 609 610 611
3 611 610 611 612
3 612 611 612 613
3 613 612 613 614
3 614 613 614 615
3 615 614 615 616
3 616 615 616 617
3 617 616 617 618
3 618 617 618 619
3 619 618 619 620
3 620 619 620 621
3 621 620 621 622
3 622 621 622 623
3 623 622 623 624
3 624 623 624 625
3 625 624 625 626
3 626 625 626 627
3 627 626 627 628
3 628 627 628 629
3 629 628 629 630
3 630 629 630 631
3 631 630 631 632
3 632 631 632 633
3 633 632 633 634
3 634 633 634 635
3 635 634 635 636
3 636 635 636 637
3 637 636 637 638
3 638 637 638 639
3 639 638 639 640
3 640 639 640 641
3 641 640 641 642
3 642 641 642 643
3 643 642 643 644
3 644 643 644 645
3 645 644 645 646
3 646 645 646 647
3 647 646 647 648
3 648 647 648 649
3 649 648 649 650
3 650 649 650 651
3 651 650 651 652
3 652 651 652 653
3 653 652 653 654
3 654 653 654 655
3 655 654 655 656
3 656 655 656 657
3 657 656 657 658
3 658 657 658 659
3 659 658 659 660
3 660 659 660 661
3 661 660 661 662
3 662 661 662 663
3 663 662 663 664
3 664 663 664 665
3 665 664 665 666
3 666 665 666 667
3 667 666 667 668
3 668 667 668 669
3 669 668 669 670
3 670 669 670 671
3 671 670 671 672
3 672 671 672 673
3 673 672 673 674
3 674 673 674 675
3 675 674 675 676
3 676 675 676 677
3 677 676 677 678
3 678 677 678 679
3 679 678 679 680
3 680 679 680 681
3 681 680 681 682
3 682 681 682 683
3 683 682 683 684
3 684 683 684 685
3 685 684 685 686
3 686 685 686 687
3 687 686 687 688
3 688 687 688 689
3 689 688 689 690
3 690 689 690 691
3 691 690 691 692
3 692 691 692 693
3 693 692 693 694
3 694 693 694 695
3 695 694 695 696
3 696 695 696 697
3 697 696 697 698
3 698 697 698 699
3 699 698 699 700
3 700 699 700 701
3 701 700 701 702
3 702 701 702 703
3 703 702 703 704
3 704 703 704 705
3 705 704 705 706
3 706 705 706 707
3 707 706 707 708
3 708 707 708 709
3 709 708 709 710
3 710 709 710 711
3 711 710 711 712
3 712 711 712 713
3 713 712 713 714
3 714 713 714 715
3 715 714 715 716
3 716 715 716 717
3 717 716 717 718
3 718 717 718 719
3 719 718 719 720
3 720 719 720 721
3 721 720 721 722
3 722 721 722 723
3 723 722 723 724
3 724 723 724 725
3 725 724 725 726
3 726 725 726 727
3 727 726 727 728
3 728 727 728 729
3 729 728 729 730
3 730 729 730 731
3 731 730 731 732
3 732 731 732 733
3 733 732 733 734
3 734 733 734 735
3 735 734 735 736
3 736 735 736 737
3 737 736 737 738
3 738 737 738 739
3 739 738 739 740
3 740 739 740 741
3 741 740 741 742
3 742 741 742 743
3 743 742 743 744
3 744 743 744 745
3 745 744 745 746
3 746 745 746 747
3 747 746 747 748
3 748 747 748 749
3 749 748 749 750
3 750 749 750 751
3 751 750 751 752
3 752 751 752 753
3 753 752 753 754
3 754 753 754 755
3 755 754 755 756
3 756 755 756 757
3 757 756 757 758
3 758 757 758 759
3 759 758 759 760
3 760 759 760 761
3 761 760 761 762
3 762 761 762 763
3 763 762 763 764
3 764 763 764 765
3 765 764 765 766
3 766 765 766 767
3 767 766 767 768
3 768 767 768 769
3 769 768 769 770
3 770 769 770 771
3 771 770 771 772
3 772 771 772 773
3 773 772 773 774
3 774 773 774 775
3 775 774 775 776
3 776 775 776 777
3 777 776 777 778
3 778 777 778 779
3 779 778 779 780
3 780 779 780 781
3 781 780 781 782
3 782 781 782 783
3 783 782 783 784
3 784 783 784 785
3 785 784 785 786
3 786 785 786 787
3 787 786 787 788
3 788 787 788 789
3 789 788 789 790
3 790 789 790 791
3 791 790 791 792
3 792 791 792 793
3 793 792 793 794
3 794 793 794 795
3 795 794 795 796
3 796 795 796 797
3 797 796 797 798
3 798 797 798 799
3 799 798 799 800
3 800 799 800 801
3 801 800 801 802
3 802 801 802 803
3 803 802 803 804
3 804 803 804 805
3 805 804 805 806
3 806 805 806 807
3 807 806 807 808
3 808 807 808 809
3 809 808 809 810
3 810 809 810 811
3 811 810 811 812
3 812 811 812 813
3 813 812 813 814
3 814 813 814 815
3 815 814 815 816
3 816 815 816 817
3 817 816 817 818
3 818 817 818 819
3 819 818 819 820
3 820 819 820 821
3 821 820 821 822
3 822 821 822 823
3 823 822 823 824
3 824 823 824 825
3 825 824 825 826
3 826 825 826 827
3 827 826 827 828
3 828 827 828 829
3 829 828 829 830
3 830 829 830 831
3 831 830 831 832
3 832 831 832 833
3 833 832 833 834
3 834 833 834 835
3 835 834 835 836
3 836 835 836 837
3 837 836 837 838
3 838 837 838 839
3 839 838 839 840
3 840 839 840 841
3 841 840 841 842
3 842 841 842 843
3 843 842 843 844
3 844 843 844 845
3 845 844 845 846
3 846 845 846 847
3 847 846 847 848
3 848 847 848 849
3 849 848 849 850
3 850 849 850 851
3 851 850 851 852
3 852 851 852 853
3 853 852 853 854
3 854 853 854 855
3 855 854 855 856
3 856 855 856 857
3 857 856 857 858
3 858 857 858 859
3 859 858 859 860
3 860 859 860 861
3 861 860 861 862
3 862 861 862 863
3 863 862 863 864
3 864 863 864 865
3 865 864 865 866
3 866 865 866 867
3 867 866 867 868
3 868 867 868 869
3 869 868 869 870
3 870 869 870 871
3 871 870 871 872
3 872 871 872 873
3 873 872 873 874
3 874 873 874 875
3 875 874 875 876
3 876 875 876 877
3 877 876 877 878
3 878 877 878 879
3 879 878 879 880
3 880 879 880 881
3 881 880 881 882
3 882 881 882 883
3 883 882 883 884
3 884 883 884 885
3 885 884 885 886
3 886 885 886 887
3 887 886 887 888
3 888 887 888 889
3 889 888 889 890
3 890 889 890 891
3 891 890 891 892
3 892 891 892 893
3 893 892 893 894
3 894 893 894 895
3 895 894 895 896
3 896 895 896 897
3 897 896 897 898
3 898 897 898 899
3 899 898 899 900
3 900 899 900 901
3 901 900 901 902
3 902 901 902 903
3 903 902 903 904
3 904 903 904 905
3 905 904 905 906
3 906 905 906 907
3 907 906 907 908
3 908 907 908 909
3 909 908 909 910
3 910 909 910 911
3 911 910 911 912
3 912 911 912 913
3 913 912 913 914
3 914 913 914 915
3 915 914 915 916
3 916 915 916 917
3 917 916 917 918
3 918 917 918 919
3 919 918 919 920
3 920 919 920 921
3 921 920 921 922
3 922 921 922 923
3 923 922 923 924
3 924 923 924 925
3 925 924 925 926
3 926 925 926 927
3 927 926 927 928
3 928 927 928 929
3 929 928 929 930
3 930 929 930 931
3 931 930 931 932
3 932 931 932 933
3 933 932 933 934
3 934 933 934 935
3 935 934 935 936
3 936 935 936 937
3 937 936 937 938
3 938 937 938 939
3 939 938 939 940
3 940 939 940 941
3 941 940 941 942
3 942 941 942 943
3 943 942 943 944
3 944 943 944 945
3 945 944 945 946
3 946 945 946 947
3 947 946 947 948
3 948 947 948 949
3 949 948 949 950
3 950 949 950 951
3 951 950 951 952
3 952 951 952 953
3 953 952 953 954
3 954 953 954 955
3 955 954 955 956
3 956 955 956 957
3 957 956 957 958
3 958 957 958 959
3 959 958 959 960
3 960 959 960 961
3 961 960 961 962
3 962 961 962 963
3 963 962 963 964
3 964 963 964 965
3 965 964 965 966
3 966 965 966 967
3 967 966 967 968
3 968 967 968 969
3 969 968 969 970
3 970 969 970 971
3 971 970 971 972
3 972 971 972 973
3 973 972 973 974
3 974 973 974 975
3 975 974 975 976
3 976 975 976 977
3 977 976 977 978
3 978 977 978 979
3 979 978 979 980
3 980 979 980 981
3 981 980 981 982
3 982 981 982 983
3 983 982 983 984
3 984 983 984 985
3 985 984 985 986
3 986 985 986 987
3 987 986 987 988
3 988 987 988 989
3 989 988 989 990
3 990 989 990 991
3 991 990 991 992
3 992 991 992 993
3 993 992 993 994
3 994 993 994 995
3 995 994 995 996
3 996 995 996 997
3 997 996 997 998
3 998 997 998 999
3 999 998 999 0
4 1 1
4 2 2
4 3 3
4 4 4
4 5 5
4 6 6
4 7 7
4 8 8
4 9 9
4 10 10
4 11 11
4 12 12
4 13 13
4 14 14
4 15 15
4 16 16
4 17 17
4 18 18
4 19 19
4 20 20
4 21 21
4 22 22
4 23 23
4 24 24
4 25 25
4 26 26
4 27 27
4 28 28
4 29 29
4 30 30
4 31 31
4 32 32
4 33 33
4 34 34
4 35 35
4 36 36
4 37 37
4 38 38
4 39 39
4 40 40
4 41 41
4 42 42
4 43 43
4 44 44
4 45 45
4 46 46
4 47 47
4 48 48
4 49 49
4 50 50
4 51 51
4 52 52
4 53 53
4 54 54
4 55 55
4 56 56
4 57 57
4 58 58
4 59 59
4 60 60
4 61 61
4 62 62
4 63 63
4 64 64
4 65 65
4 66 66
4 67 67
4 68 68
4 69 69
4 70 70
4 71 71
4 72 72
4 73 73
4 74 74
4 75 75
4 76 76
4 77 77
4 78 78
4 79 79
4 80 80
4 81 81
4 82 82
4 83 83
4 84 84
4 85 85
4 86 86
4 87 87
4 88 88
4 89 89
4 90 90
4 91 91
4 92 92
4 93 93
4 94 94
4 95 95
4 96 96
4 97 97
4 98 98
4 99 99
4 100 100
4 101 101
4 102 102
4 103 103
4 104 104
4 105 105
4 106 106
4 107 107
4 108 108
4 109 109
4 110 110
4 111 111
4 112 112
4 113 113
4 114 114
4 115 115
4 116 116
4 117 117
4 118 118
4 119 119
4 120 120
4 121 121
4 122 122
4 123 123
4 124 124
4 125 125
4 126 126
4 127 127
4 128 128
4 129 129
4 130 130
4 131 131
4 132 132
4 133 133
4 134 134
4 135 135
4 136 136
4 137 137
4 138 138
4 139 139
4 140 140
4 141 141
4 142 142
4 143 143
4 144 144
4 145 145
4 146 146
4 147 147
4 148 148
4 149 149
4 150 150
4 151 151
4 152 152
4 153 153
4 154 154
4 155 155
4 156 156
4 157 157
4 158 158
4 159 159
4 160 160
4 161 161
4 162 162
4 163 163
4 164 164
4 165 165
4 166 166
4 167 167
4 168 168
4 169 169
4 170 170
4 171 171
4 172 172
4 173 173
4 174 174
4 175 175
4 176 176
4 177 177
4 178 178
4 179 179
4 180 180
4 181 181
4 182 182
4 183 183
4 184 184
4 185 185
4 186 186
4 187 187
4 188 188
4 189 189
4 190 190
4 191 191
4 192 192
4 193 193
4 194 194
4 195 195
4 196 196
4 197 197
4 198 198
4 199 199
4 200 200
4 201 201
4 202 202
4 203 203
4 204 204
4 205 205
4 206 206
4 207 207
4 208 208
4 209 209
4 210 210
4 211 211
4 212 212
4 213 213
4 214 214
4 215 215
4 216 216
4 217 217
4 218 218
4 219 219
4 220 220
4 221 221
4 222 222
4 223 223
4 224 224
4 225 225
4 226 226
4 227 227
4 228 228
4 229 229
4 230 230
4 231 231
4 232 232
4 233 233
4 234 234
4 235 235
4 236 236
4 237 237
4 238 238
4 239 239
4 240 240
4 241 241
4 242 242
4 243 243
4 244 244
4 245 245
4 246 246
4 247 247
4 248 248
4 249 249
4 250 250
4 251 251
4 252 252
4 253 253
4 254 254
4 255 255
4 256 256
4 257 257
4 258 258
4 259 259
4 260 260
4 261 261
4 262 262
4 263 263
4 264 264
4 265 265
4 266 266
4 267 267
4 268 268
4 269 269
4 270 270
4 271 271
4 272 272
4 273 273
4 274 274
4 275 275
4 276 276
4 277 277
4 278 278
4 279 279
4 280 280
4 281 281
4 282 282
4 283 283
4 284 284
4 285 285
4 286 286
4 287 287
4 288 288
4 289 289
4 290 290
4 291 291
4 292 292
4 293 293
4 294 294
4 295 295
4 296 296
4 297 297
4 298 298
4 299 299
4 300 300
4 301 301
4 302 302
4 303 303
4 304 304
4 305 305
4 306 306
4 307 307
4 308 308
4 309 309
4 310 310
4 311 311
4 312 312
4 313 313
4 314 314
4 315 315
4 316 316
4 317 317
4 318 318
4 319 319
4 320 320
4 321 321
4 322 322
4 323 323
4 324 324
4 325 325
4 326 326
4 327 327
4 328 328
4 329 329
4 330 330
4 331 331
4 332 332
4 333 333
4 334 334
4 335 335
4 336 336
4 337 337
4 338 338
4 339 339
4 340 340
4 341 341
4 342 342
4 343 343
4 344 344
4 345 345
4 346 346
4 347 347
4 348 348
4 349 349
4 350 350
4 351 351
4 352 352
4 353 353
4 354 354
4 355 355
4 356 356
4 357 357
4 358 358
4 359 359
4 360 360
4 361 361
4 362 362
4 363 363
4 364 364
4 365 365
4 366 366
4 367 367
4 368 368
4 369 369
4 370 370
4 371 371
4 372 372
4 373 373
4 374 374
4 375 375
4 376 376
4 377 377
4 378 378
4 379 379
4 380 380
4 381 381
4 382 382
4 383 383
4 384 384
4 385 385
4 386 386
4 387 387
4 388 388
4 389 389
4 390 390
4 391 391
4 392 392
4 393 393
4 394 394
4 395 395
4 396 396
4 397 397
4 398 398
4 399 399
4 400 400
4 401 401
4 402 402
4 403 403
4 404 404
4 405 405
4 406 406
4 407 407
4 408 408
4 409 409
4 410 410
4 411 411
4 412 412
4 413 413
4 414 414
4 415 415
4 416 416
4 417 417
4 418 418
4 419 419
4 420 420
4 421 421
4 422 422
4 423 423
4 424 424
4 425 425
4 426 426
4 427 427
4 428 428
4 429 429
4 430 430
4 431 431
4 432 432
4 433 433
4 434 434
4 435 435
4 436 436
4 437 437
4 438 438
4 439 439
4 440 440
4 441 441
4 442 442
4 443 443
4 444 444
4 445 445
4 446 446
4 447 447
4 448 448
4 449 449
4 450 450
4 451 451
4 452 452
4 453 453
4 454 454
4 455 455
4 456 456
4 457 457
4 458 458
4 459 459
4 460 460
4 461 461
4 462 462
4 463 463
4 464 464
4 465 465
4 466 466
4 467 467
4 468 468
4 469 469
4 470 470
4 471 471
4 472 472
4 473 473
4 474 474
4 475 475
4 476 476
4 477 477
4 478 478
4 479 479
4 480 480
4 481 481
4 482 482
4 483 483
4 484 484
4 485 485
4 486 486
4 487 487
4 488 488
4 489 489
4 490 490
4 491 491
4 492 492
4 493 493
4 494 494
4 495 495
4 496 496
4 497 497
4 498 498
4 499 499
4 500 500
4 501 501
4 502 502
4 503 503
4 504 504
4 505 505
4 506 506
4 507 507
4 508 508
4 509 509
4 510 510
4 511 511
4 512 512
4 513 513
4 514 514
4 515 515
4 516 516
4 517 517
4 518 518
4 519 519
4 520 520
4 521 521
4 522 522
4 523 523
4 524 524
4 525 525
4 526 526
4 527 527
4 528 528
4 529 529
4 530 530
4 531 531
4 532 532
4 533 533
4 534 534
4 535 535
4 536 536
4 537 537
4 538 538
4 539 539
4 540 540
4 541 541
4 542 542
4 543 543
4 544 544
4 545 545
4 546 546
4 547 547
4 548 548
4 549 549
4 550 550
4 551 551
4 552 552
4 553 553
4 554 554
4 555 555
4 556 556
4 557 557
4 558 558
4 559 559
4 560 560
4 561 561
4 562 562
4 563 563
4 564 564
4 565 565
4 566 566
4 567 567
4 568 568
4 569 569
4 570 570
4 571 571
4 572 572
4 573 573
4 574 574
4 575 575
4 576 576
4 577 577
4 578 578
4 579 579
4 580 580
4 581 581
4 582 582
4 583 583
4 584 584
4 585 585
4 586 586
4 587 587
4 588 588
4 589 589
4 590 590
4 591 591
4 592 592
4 593 593
4 594 594
4 595 595
4 596 596
4 597 597
4 598 598
4 599 599
4 600 600
4 601 601
4 602 602
4 603 603
4 604 604
4 605 605
4 606 606
4 607 607
4 608 608
4 609 609
4 610 610
4 611 611
4 612 612
4 613 613
4 614 614
4 615 615
4 616 616
4 617 617
4 618 618
4 619 619
4 620 620
4 621 621
4 622 622
4 623 623
4 624 624
4 625 625
4 626 626
4 627 627
4 628 628
4 629 629
4 630 630
4 631 631
4 632 632
4 633 633
4 634 634
4 635 635
4 636 636
4 637 637
4 638 638
4 639 639
4 640 640
4 641 641
4 642 642
4 643 643
4 644 644
4 645 645
4 646 646
4 647 647
4 648 648
4 649 649
4 650 650
4 651 651
4 652 652
4 653 653
4 654 654
4 655 655
4 656 656
4 657 657
4 658 658
4 659 659
4 660 660
4 661 661
4 662 662
4 663 663
4 664 664
4 665 665
4 666 666
4 667 667
4 668 668
4 669 669
4 670 670
4 671 671
4 672 672
4 673 673
4 674 674
4 675 675
4 676 676
4 677 677
4 678 678
4 679 679
4 680 680
4 681 681
4 682 682
4 683 683
4 684 684
4 685 685
4 686 686
4 687 687
4 688 688
4 689 689
4 690 690
4 691 691
4 692 692
4 693 693
4 694 694
4 695 695
4 696 696
4 697 697
4 698 698
4 699 699
4 700 700
4 701 701
4 702 702
4 703 703
4 704 704
4 705 705
4 706 706
4 707 707
4 708 708
4 709 709
4 710 710
4 711 711
4 712 712
4 713 713
4 714 714
4 715 715
4 716 716
4 717 717
4 718 718
4 719 719
4 720 720
4 721 721
4 722 722
4 723 723
4 724 724
4 725 725
4 726 726
4 727 727
4 728 728
4 729 729
4 730 730
4 731 731
4 732 732
4 733 733
4 734 734
4 735 735
4 736 736
4 737 737
4 738 738
4 739 739
4 740 740
4 741 741
4 742 742
4 743 743
4 744 744
4 745 745
4 746 746
4 747 747
4 748 748
4 749 749
4 750 750
4 751 751
4 752 752
4 753 753
4 754 754
4 755 755
4 756 756
4 757 757
4 758 758
4 759 759
4 760 760
4 761 761
4 762 762
4 763 763
4 764 764
4 765 765
4 766 766
4 767 767
4 768 768
4 769 769
4 770 770
4 771 771
4 772 772
4 773 773
4 774 774
4 775 775
4 776 776
4 777 777
4 778 778
4 779 779
4 780 780
4 781 781
4 782 782
4 783 783
4 784 784
4 785 785
4 786 786
4 787 787
4 788 788
4 789 789
4 790 790
4 791 791
4 792 792
4 793 793
4 794 794
4 795 795
4 796 796
4 797 797
4 798 798
4 799 799
4 800 800
4 801 801
4 802 802
4 803 803
4 804 804
4 805 805
4 806 806
4 807 807
4 808 808
4 809 809
4 810 810
4 811 811
4 812 812
4 813 813
4 814 814
4 815 815
4 816 816
4 817 817
4 818 818
4 819 819
4 820 820
4 821 821
4 822 822
4 823 823
4 824 824
4 825 825
4 826 826
4 827 827
4 828 828
4 829 829
4 830 830
4 831 831
4 832 832
4 833 833
4 834 834
4 835 835
4 836 836
4 837 837
4 838 838
4 839 839
4 840 840
4 841 841
4 842 842
4 843 843
4 844 844
4 845 845
4 846 846
4 847 847
4 848 848
4 849 849
4 850 850
4 851 851
4 852 852
4 853 853
4 854 854
4 855 855
4 856 856
4 857 857
4 858 858
4 859 859
4 860 860
4 861 861
4 862 862
4 863 863
4 864 864
4 865 865
4 866 866
4 867 867
4 868 868
4 869 869
4 870 870
4 871 871
4 872 872
4 873 873
4 874 874
4 875 875
4 876 876
4 877 877
4 878 878
4 879 879
4 880 880
4 881 881
4 882 882
4 883 883
4 884 884
4 885 885
4 886 886
4 887 887
4 888 888
4 889 889
4 890 890
4 891 891
4 892 892
4 893 893
4 894 894
4 895 895
4 896 896
4 897 897
4 898 898
4 899 899
4 900 900
4 901 901
4 902 902
4 903 903
4 904 904
4 905 905
4 906 906
4 907 907
4 908 908
4 909 909
4 910 910
4 911 911
4 912 912
4 913 913
4 914 914
4 915 915
4 916 916
4 917 917
4 918 918
4 919 919
4 920 920
4 921 921
4 922 922
4 923 923
4 924 924
4 925 925
4 926 926
4 927 927
4 928 928
4 929 929
4 930 930
4 931 931
4 932 932
4 933 933
4 934 934
4 935 935
4 936 936
4 937 937
4 938 938
4 939 939
4 940 940
4 941 941
4 942 942
4 943 943
4 944 944
4 945 945
4 946 946
4 947 947
4 948 948
4 949 949
4 950 950
4 951 951
4 952 952
4 953 953
4 954 954
4 955 955
4 956 956
4 957 957
4 958 958
4 959 959
4 960 960
4 961 961
4 962 962
4 963 963
4 964 964
4 965 965
4 966 966
4 967 967
4 968 968
4 969 969
4 970 970
4 971 971
4 972 972
4 973 973
4 974 974
4 975 975
4 976 976
4 977 977
4 978 978
4 979 979
4 980 980
4 981 981
4 982 982
4 983 983
4 984 984
4 985 985
4 986 986
4 987 987
4 988 988
4 989 989
4 990 990
4 991 991
4 992 992
4 993 993
4 994 994
4 995 995
4 996 996
4 997 997
4 998 998
4 999 999
4 1000 1000
4 1001 1001
4 1002 1002
4 1003 1003
4 1004 1004
4 1005 1005
4 1006 1006
4 1007 1007
4 1008 1008
4 1009 1009
4 1010 1010
4 1011 1011
4 1012 1012
4 1013 1013
4 1014 1014
4 1015 1015
4 1016 1016
4 1017 1017
4 1018 1018
4 1019 1019
4 1020 1020
4 1021 1021
4 1022 1022
4 1023 1023
4 1024 1024
4 1025 1025
4 1026 1026
4 1027 1027
4 1028 1028
4 1029 1029
4 1030 1030
4 1031 1031
4 1032 1032
4 1033 1033
4 1034 1034
4 1035 1035
4 1036 1036
4 1037 1037
4 1038 1038
4 1039 1039
4 1040 1040
4 1041 1041
4 1042 1042
4 1043 1043
4 1044 1044
4 1045 1045
4 1046 1046
4 1047 1047
4 1048 1048
4 1049 1049
4 1050 1050
4 1051 1051
4 1052 1052
4 1053 1053
4 1054 1054
4 1055 1055
4 1056 1056
4 1057 1057
4 1058 1058
4 1059 1059
4 1060 1060
4 1061 1061
4 1062 1062
4 1063 1063
4 1064 1064
4 1065 1065
4 1066 1066
4 1067 1067
4 1068 1068
4 1069 1069
4 1070 1070
4 1071 1071
4 1072 1072
4 1073 1073
4 1074 1074
4 1075 1075
4 1076 1076
4 1077 1077
4 1078 1078
4 1079 1079
4 1080 1080
4 1081 1081
4 1082 1082
4 1083 1083
4 1084 1084
4 1085 1085
4 1086 1086
4 1087 1087
4 1088 1088
4 1089 1089
4 1090 1090
4 1091 1091
4 1092 1092
4 1093 1093
4 1094 1094
4 1095 1095
4 1096 1096
4 1097 1097
4 1098 1098
4 1099 1099
4 1100 1100
4 1101 1101
4 1102 1102
4 1103 1103
4 1104 1104
4 1105 1105
4 1106 1106
4 1107 1107
4 1108 1108
4 1109 1109
4 1110 1110
4 1111 1111
4 1112 1112
4 1113 1113
4 1114 1114
4 1115 1115
4 1116 1116
4 1117 1117
4 1118 1118
4 1119 1119
4 1120 1120
4 1121 1121
4 1122 1122
4 1123 1123
4 1124 1124
4 1125 1125
4 1126 1126
4 1127 1127
4 1128 1128
4 1129 1129
4 1130 1130
4 1131 1131
4 1132 1132
4 1133 1133
4 1134 1134
4 1135 1135
4 1136 1136
4 1137 1137
4 1138 1138
4 1139 1139
4 1140 1140
4 1141 1141
4 1142 1142
4 1143 1143
4 1144 1144
4 1145 1145
4 1146 1146
4 1147 1147
4 1148 1148
4 1149 1149
4 1150 1150
4 1151 1151
4 1152 1152
4 1153 1153
4 1154 1154
4 1155 1155
4 1156 1156
4 1157 1157
4 1158 1158
4 1159 1159
4 1160 1160
4 1161 1161
4 1162 1162
4 1163 1163
4 1164 1164
4 1165 1165
4 1166 1166
4 1167 1167
4 1168 1168
4 1169 1169
4 1170 1170
4 1171 1171
4 1172 1172
4 1173 1173
4 1174 1174
4 1175 1175
4 1176 1176
4 1177 1177
4 1178 1178
4 1179 1179
4 1180 1180
4 1181 1181
4 1182 1182
4 1183 1183
4 1184 1184
4 1185 1185
4 1186 1186
4 1187 1187
4 1188 1188
4 1189 1189
4 1190 1190
4 1191 1191
4 1192 1192
4 1193 1193
4 1194 1194
4 1195 1195
4 1196 1196
4 1197 1197
4 1198 1198
4 1199 1199
4 1200 1200
4 1201 1201
4 1202 1202
4 1203 1203
4 1204 1204
4 1205 1205
4 1206 1206
4 1207 1207
4 1208 1208
4 1209 1209
4 1210 1210
4 1211 1211
4 1212 1212
4 1213 1213
4 1214 1214
4 1215 1215
4 1216 1216
4 1217 1217
4 1218 1218
4 1219 1219
4 1220 1220
4 1221 1221
4 1222 1222
4 1223 1223
4 1224 1224
4 1225 1225
4 1226 1226
4 1227 1227
4 1228 1228
4 1229 1229
4 1230 1230
4 1231 1231
4 1232 1232
4 1233 1233
4 1234 1234
4 1235 1235
4 1236 1236
4 1237 1237
4 1238 1238
4 1239 1239
4 1240 1240
4 1241 1241
4 1242 1242
4 1243 1243
4 1244 1244
4 1245 1245
4 1246 1246
4 1247 1247
4 1248 1248
4 1249 1249
4 1250 1250
4 1251 1251
4 1252 1252
4 1253 1253
4 1254 1254
4 1255 1255
4 1256 1256
4 1257 1257
4 1258 1258
4 1259 1259
4 1260 1260
4 1261 1261
4 1262 1262
4 1263 1263
4 1264 1264
4 1265 1265
4 1266 1266
4 1267 1267
4 1268 1268
4 1269 1269
4 1270 1270
4 1271 1271
4 1272 1272
4 1273 1273
4 1274 1274
4 1275 1275
4 1276 1276
4 1277 1277
4 1278 1278
4 1279 1279
4 1280 1280
4 1281 1281
4 1282 1282
4 1283 1283
4 1284 1284
4 1285 1285
4 1286 1286
4 1287 1287
4 1288 1288
4 1289 1289
4 1290 1290
4 1291 1291
4 1292 1292
4 1293 1293
4 1294 1294
4 1295 1295
4 1296 1296
4 1297 1297
4 1298 1298
4 1299 1299
4 1300 1300
4 1301 1301
4 1302 1302
4 1303 1303
4 1304 1304
4 1305 1305
4 1306 1306
4 1307 1307
4 1308 1308
4 1309 1309
4 1310 1310
4 1311 1311
4 1312 1312
4 1313 1313
4 1314 1314
4 1315 1315
4 1316 1316
4 1317 1317
4 1318 1318
4 1319 1319
4 1320 1320
4 1321 1321
4 1322 1322
4 1323 1323
4 1324 1324
4 1325 1325
4 1326 1326
4 1327 1327
4 1328 1328
4 1329 1329
4 1330 1330
4 1331 1331
4 1332 1332
4 1333 1333
4 1334 1334
4 1335 1335
4 1336 1336
4 1337 1337
4 1338 1338
4 1339 1339
4 1340 1340
4 1341 1341
4 1342 1342
4 1343 1343
4 1344 1344
4 1345 1345
4 1346 1346
4 1347 1347
4 1348 1348
4 1349 1349
4 1350 1350
4 1351 1351
4 1352 1352
4 1353 1353
4 1354 1354
4 1355 1355
4 1356 1356
4 1357 1357
4 1358 1358
4 1359 1359
4 1360 1360
4 1361 1361
4 1362 1362
4 1363 1363
4 1364 1364
4 1365 1365
4 1366 1366
4 1367 1367
4 1368 1368
4 1369 1369
4 1370 1370
4 1371 1371
4 1372 1372
4 1373 1373
4 1374 1374
4 1375 1375
4 1376 1376
4 1377 1377
4 1378 1378
4 1379 1379
4 1380 1380
4 1381 1381
4 1382 1382
4 1383 1383
4 1384 1384
4 1385 1385
4 1386 1386
4 1387 1387
4 1388 1388
4 1389 1389
4 1390 1390
4 1391 1391
4 1392 1392
4 1393 1393
4 1394 1394
4 1395 1395
4 1396 1396
4 1397 1397
4 1398 1398
4 1399 1399
4 1400 1400
4 1401 1401
4 1402 1402
4 1403 1403
4 1404 1404
4 1405 1405
4 1406 1406
4 1407 1407
4 1408 1408
4 1409 1409
4 1410 1410
4 1411 1411
4 1412 1412
4 1413 1413
4 1414 1414
4 1415 1415
4 1416 1416
4 1417 1417
4 1418 1418
4 1419 1419
4 1420 1420
4 1421 1421
4 1422 1422
4 1423 1423
4 1424 1424
4 1425 1425
4 1426 1426
4 1427 1427
4 1428 1428
4 1429 1429
4 1430 1430
4 1431 1431
4 1432 1432
4 1433 1433
4 1434 1434
4 1435 1435
4 1436 1436
4 1437 1437
4 1438 1438
4 1439 1439
4 1440 1440
4 1441 1441
4 1442 1442
4 1443 1443
4 1444 1444
4 1445 1445
4 1446 1446
4 1447 1447
4 1448 1448
4 1449 1449
4 1450 1450
4 1451 1451
4 1452 1452
4 1453 1453
4 1454 1454
4 1455 1455
4 1456 1456
4 1457 1457
4 1458 1458
4 1459 1459
4 1460 1460
4 1461 1461
4 1462 1462
4 1463 1463
4 1464 1464
4 1465 1465
4 1466 1466
4 1467 1467
4 1468 1468
4 1469 1469
4 1470 1470
4 1471 1471
4 1472 1472
4 1473 1473
4 1474 1474
4 1475 1475
4 1476 1476
4 1477 1477
4 1478 1478
4 1479 1479
4 1480 1480
4 1481 1481
4 1482 1482
4 1483 1483
4 1484 1484
4 1485 1485
4 1486 1486
4 1487 1487
4 1488 1488
4 1489 1489
4 1490 1490
4 1491 1491
4 1492 1492
4 1493 1493
4 1494 1494
4 1495 1495
4 1496 1496
4 1497 1497
4 1498 1498
4 1499 1499
4 1500 1500
4 1501 1501
4 1502 1502
4 1503 1503
4 1504 1504
4 1505 1505
4 1506 1506
4 1507 1507
4 1508 1508
4 1509 1509
4 1510 1510
4 1511 1511
4 1512 1512
4 1513 1513
4 1514 1514
4 1515 1515
4 1516 1516
4 1517 1517
4 1518 1518
4 1519 1519
4 1520 1520
4 1521 1521
4 1522 1522
4 1523 1523
4 1524 1524
4 1525 1525
4 1526 1526
4 1527 1527
4 1528 1528
4 1529 1529
4 1530 1530
4 1531 1531
4 1532 1532
4 1533 1533
4 1534 1534
4 1535 1535
4 1536 1536
4 1537 1537
4 1538 1538
4 1539 1539
4 1540 1540
4 1541 1541
4 1542 1542
4 1543 1543
4 1544 1544
4 1545 1545
4 1546 1546
4 1547 1547
4 1548 1548
4 1549 1549
4 1550 1550
4 1551 1551
4 1552 1552
4 1553 1553
4 1554 1554
4 1555 1555
4 1556 1556
4 1557 1557
4 1558 1558
4 1559 1559
4 1560 1560
4 1561 1561
4 1562 1562
4 1563 1563
4 1564 1564
4 1565 1565
4 1566 1566
4 1567 1567
4 1568 1568
4 1569 1569
4 1570 1570
4 1571 1571
4 1572 1572
4 1573 1573
4 1574 1574
4 1575 1575
4 1576 1576
4 1577 1577
4 1578 1578
4 1579 1579
4 1580 1580
4 1581 1581
4 1582 1582
4 1583 1583
4 1584 1584
4 1585 1585
4 1586 1586
4 1587 1587
4 1588 1588
4 1589 1589
4 1590 1590
4 1591 1591
4 1592 1592
4 1593 1593
4 1594 1594
4 1595 1595
4 1596 1596
4 1597 1597
4 1598 1598
4 1599 1599
4 1600 1600
4 1601 1601
4 1602 1602
4 1603 1603
4 1604 1604
4 1605 1605
4 1606 1606
4 1607 1607
4 1608 1608
4 1609 1609
4 1610 1610
4 1611 1611
4 1612 1612
4 1613 1613
4 1614 1614
4 1615 1615
4 1616 1616
4 1617 1617
4 1618 1618
4 1619 1619
4 1620 1620
4 1621 1621
4 1622 1622
4 1623 1623
4 1624 1624
4 1625 1625
4 1626 1626
4 1627 1627
4 1628 1628
4 1629 1629
4 1630 1630
4 1631 1631
4 1632 1632
4 1633 1633
4 1634 1634
4 1635 1635
4 1636 1636
4 1637 1637
4 1638 1638
4 1639 1639
4 1640 1640
4 1641 1641
4 1642 1642
4 1643 1643
4 1644 1644
4 1645 1645
4 1646 1646
4 1647 1647
4 1648 1648
4 1649 1649
4 1650 1650
4 1651 1651
4 1652 1652
4 1653 1653
4 1654 1654
4 1655 1655
4 1656 1656
4 1657 1657
4 1658 1658
4 1659 1659
4 1660 1660
4 1661 1661
4 1662 1662
4 1663 1663
4 1664 1664
4 1665 1665
4 1666 1666
4 1667 1667
4 1668 1668
4 1669 1669
4 1670 1670
4 1671 1671
4 1672 1672
4 1673 1673
4 1674 1674
4 1675 1675
4 1676 1676
4 1677 1677
4 1678 1678
4 1679 1679
4 1680 1680
4 1681 1681
4 1682 1682
4 1683 1683
4 1684 1684
4 1685 1685
4 1686 1686
4 1687 1687
4 1688 1688
4 1689 1689
4 1690 1690
4 1691 1691
4 1692 1692
4 1693 1693
4 1694 1694
4 1695 1695
4 1696 1696
4 1697 1697
4 1698 1698
4 1699 1699
4 1700 1700
4 1701 1701
4 1702 1702
4 1703 1703
4 1704 1704
4 1705 1705
4 1706 1706
4 1707 1707
4 1708 1708
4 1709 1709
4 1710 1710
4 1711 1711
4 1712 1712
4 1713 1713
4 1714 1714
4 1715 1715
4 1716 1716
4 1717 1717
4 1718 1718
4 1719 1719
4 1720 1720
4 1721 1721
4 1722 1722
4 1723 1723
4 1724 1724
4 1725 1725
4 1726 1726
4 1727 1727
4 1728 1728
4 1729 1729
4 1730 1730
